69 2070
64 36 1802
64 38 2460
24 1 459
64 42 1276
65 54 3491
23 28 2517
22 7 7831
17 47 3143
36 28 2633
52 7 3781
65 38 2750
19 33 9814
9 50 2453
67 39 4502
33 31 7349
30 24 7260
58 66 3924
27 5 2176
51 10 1692
43 30 1267
69 21 5840
61 2 4650
5 57 6473
26 30 1307
56 66 7358
27 3 66
62 28 449
38 55 6436
14 57 5674
55 17 7677
39 31 6513
60 13 1531
29 41 3975
58 39 4060
66 49 2819
11 14 4615
48 67 7331
25 12 1759
28 42 7859
67 52 8578
38 33 6691
32 45 9898
64 9 907
15 30 3060
48 14 3620
17 36 8781
33 69 1722
11 20 4779
53 59 949
11 9 3019
40 49 5931
29 48 7092
41 16 6992
15 17 219
35 23 4954
25 64 9293
33 5 289
35 15 4665
11 6 237
4 69 4790
63 2 8230
63 36 481
25 47 9205
46 43 4128
25 32 3873
59 21 5452
22 40 8136
26 34 9415
2 47 272
51 5 5191
60 44 3696
37 4 1738
66 40 9659
58 45 238
18 69 7537
13 5 3746
2 35 5330
19 63 8311
29 56 5867
60 8 5626
12 67 3896
54 49 6181
26 19 6158
13 34 811
56 68 32
56 67 8519
18 36 5307
36 5 8475
60 25 2448
8 3 3383
53 62 8015
56 22 2875
65 59 8031
33 55 2919
14 28 3272
62 30 7454
41 53 7367
43 10 1619
55 21 6092
11 47 378
66 39 4329
53 17 9954
15 56 7088
8 37 4211
61 16 4529
39 41 9189
10 62 5371
28 10 8482
7 42 5733
30 4 5179
38 27 2100
52 45 7337
40 13 3044
54 41 849
8 27 690
8 49 4535
34 29 703
22 17 9056
22 52 3251
2 57 2232
63 44 533
20 15 3075
55 40 1112
35 69 6980
41 1 6773
47 54 8291
1 64 2284
38 67 2957
9 60 1120
7 49 5278
45 28 1345
69 59 208
31 23 7212
68 13 9078
33 64 3930
28 47 8494
7 23 2538
12 18 8272
18 10 8328
56 14 8464
20 48 6356
19 1 5693
59 18 2648
8 52 8493
60 21 4491
43 64 1310
44 49 5358
3 30 2894
15 44 9577
18 35 862
52 56 3582
13 1 7916
43 63 9580
46 58 4586
53 69 1104
3 12 8004
49 33 7148
29 24 7244
61 48 3517
2 26 3005
61 7 8903
21 45 1427
7 54 274
64 22 1942
4 63 3158
31 4 428
23 47 5193
46 36 5871
5 63 6126
35 36 4828
18 1 8422
56 41 9062
12 11 5766
17 61 4953
42 63 3536
68 38 5483
19 22 2842
2 4 1566
25 45 9800
15 7 5535
30 1 1672
25 66 5414
45 16 7048
24 62 1467
50 5 8259
8 26 7118
33 9 3624
50 51 1855
16 28 9637
61 57 8369
11 43 6788
62 6 9622
29 55 8410
51 32 4058
2 10 6677
34 27 3841
19 62 357
55 37 2237
52 33 1685
25 23 4665
56 49 2368
47 44 7754
33 67 6956
27 64 2284
3 25 5538
48 68 5528
14 40 8484
17 24 3950
53 56 1813
16 50 7105
23 59 3871
29 20 2974
31 62 8100
27 62 6867
30 23 3217
14 33 7630
59 29 1946
40 44 618
23 34 6683
67 15 2619
54 57 5742
15 47 8919
7 32 804
43 34 7067
16 66 8814
10 60 2746
54 40 6
16 44 1999
27 4 9257
55 5 3779
3 69 8637
54 17 2631
14 63 3355
21 9 23
58 13 2297
10 22 9188
64 23 3370
10 21 2505
48 2 851
50 15 2353
8 67 8767
32 19 4054
62 43 5239
55 52 2246
1 53 7296
2 23 789
23 39 5395
29 43 6162
29 16 6296
68 39 1183
33 27 4075
7 35 6951
8 46 9733
64 20 870
26 32 1264
27 54 2941
22 67 9832
25 30 1409
53 22 7568
36 22 9594
15 55 6966
22 45 9482
43 14 4907
7 57 8080
34 16 2569
37 27 3884
58 41 3934
34 53 1892
25 5 1210
25 46 1422
34 59 9365
56 33 6500
5 19 1045
61 43 5841
68 21 3257
28 24 3322
15 31 5353
24 36 1
8 50 1194
17 63 8119
40 47 3436
23 57 2174
38 28 8128
2 62 1029
63 35 6405
63 51 3082
30 57 9173
23 18 6411
66 20 5034
40 28 4920
5 14 2729
59 8 1861
4 15 7654
22 2 5858
15 25 8504
1 5 4623
47 24 7437
8 15 3493
44 5 1080
7 63 381
52 51 6505
7 45 2744
61 68 2467
69 7 4391
24 25 4358
4 32 9658
51 59 952
64 2 9204
40 16 4952
26 52 8162
27 16 2584
23 62 3692
46 10 314
16 31 7838
31 12 7466
17 60 4035
68 43 469
20 21 1183
32 5 252
32 12 2763
28 50 2891
50 14 4895
19 14 5003
6 24 8330
36 34 7378
35 14 7069
6 55 3508
31 19 8104
8 45 61
28 35 4843
48 60 5119
7 41 4801
19 67 8784
51 47 3182
49 24 6225
59 36 7211
52 61 7343
53 19 6796
32 54 2982
3 15 6007
20 25 8427
49 46 9169
44 10 1218
5 20 2001
34 40 163
16 33 5430
48 59 335
25 1 4070
56 69 8792
61 22 920
44 1 5996
27 49 3577
2 45 347
34 54 9515
52 3 6681
47 37 2247
31 11 7546
48 62 5267
63 12 6459
57 25 4824
60 57 2373
54 42 6326
69 29 4212
35 16 2483
38 69 4186
5 43 7745
20 13 8720
57 26 6914
55 32 6552
59 11 7666
46 63 9702
15 16 4934
40 31 2930
19 17 5108
58 25 3330
52 11 7056
3 1 7781
22 38 4132
67 44 5201
29 31 2219
19 30 5009
66 32 8099
34 66 3184
18 40 9877
47 12 5921
12 5 2857
38 60 7923
34 50 9586
10 17 1750
3 7 3910
49 4 3532
18 5 1646
3 33 4446
69 25 2476
2 29 7793
13 25 7463
39 3 5995
36 3 7260
68 34 5216
37 7 5507
57 62 9916
57 35 245
44 53 462
62 35 6373
64 59 7144
22 44 6567
58 10 9635
30 28 4613
49 68 1574
14 67 8716
41 60 2761
42 12 1940
2 30 9378
49 39 3757
19 59 6282
12 61 7627
40 7 5614
58 57 4515
26 22 4721
17 29 6697
11 7 8596
56 27 5611
65 43 5593
9 42 8707
34 51 257
65 63 1620
60 22 8223
45 63 9303
39 7 3483
6 28 5853
31 56 3399
37 34 2163
10 24 5711
8 16 1449
58 5 8738
27 61 3768
61 9 6500
55 25 9194
19 12 1420
2 13 3704
67 25 9703
45 47 2649
40 37 5487
60 2 1526
31 28 5913
42 14 9013
59 35 2406
37 35 495
19 6 4512
45 60 9186
54 37 9323
47 46 3388
6 44 1789
28 61 5222
36 42 7802
2 52 391
38 32 9754
33 39 5609
5 46 7995
16 69 1117
10 30 8054
14 4 6118
51 66 8683
9 41 7246
15 40 2537
3 58 9319
37 17 2011
12 29 5639
66 23 3367
29 8 2746
14 41 2390
25 18 3545
12 55 5918
44 34 4988
2 59 10000
58 60 3935
38 63 3933
11 66 6162
30 42 1421
45 4 2883
40 61 9175
60 42 9798
50 54 1991
31 53 7623
29 10 6653
59 12 6737
58 52 6306
24 4 829
17 66 7854
32 2 8157
49 60 447
59 31 2009
51 35 9886
28 63 2293
19 48 2856
68 64 4661
16 17 1348
17 64 1950
30 50 5661
50 45 3040
8 66 5407
9 65 547
64 18 6113
41 50 1682
58 47 3944
48 64 7145
21 46 3858
25 6 7796
47 32 2126
57 27 2545
44 36 3317
46 18 6256
30 59 2379
17 30 7817
68 30 2304
38 7 6768
40 29 2679
4 21 3751
18 41 6594
31 38 8662
30 51 6911
57 33 4288
68 42 3445
26 48 109
69 48 5822
8 51 263
36 60 6912
52 62 1049
59 66 5303
5 23 8825
53 50 4488
32 18 1064
41 42 9465
27 35 2866
5 62 3913
32 14 1454
50 55 806
61 13 1696
21 8 6123
26 49 932
24 60 3678
25 28 2715
15 37 2406
56 3 8882
11 21 139
50 46 1150
47 55 2216
51 58 3064
48 46 6685
3 66 1153
36 45 2579
23 13 1369
38 30 2381
51 31 1502
47 49 6666
22 30 5325
22 5 531
21 2 7759
39 15 9300
7 68 5363
47 38 6436
28 44 2316
66 15 8777
43 9 2787
54 5 2265
31 20 4671
47 10 9858
41 37 9963
27 18 5432
37 25 5939
17 59 5048
11 69 2482
40 59 6466
20 24 1148
20 63 4908
27 28 8363
36 65 6842
24 19 6450
54 31 5623
4 3 9538
20 49 1953
44 2 882
18 67 6635
6 57 7065
50 57 8445
24 54 6263
39 53 643
33 25 4804
22 23 881
44 65 3600
49 15 1080
21 56 1014
16 59 5035
53 11 266
56 7 4248
30 34 6483
46 3 5069
63 68 288
27 19 1950
33 42 1118
44 61 6502
51 27 6078
20 62 1661
22 49 7620
1 2 6693
34 58 5944
68 62 4207
7 10 478
7 44 3601
1 69 5175
65 52 5087
20 54 7811
48 56 1317
35 41 1036
8 14 7354
33 32 9275
4 43 5796
68 28 1098
15 58 7795
67 63 8233
30 8 757
1 32 339
5 9 6654
44 54 582
2 53 413
31 14 8423
10 61 6139
55 36 307
17 56 5714
48 9 2866
2 51 2423
69 44 7389
9 27 8296
34 18 2166
43 67 5236
13 48 32
57 59 3491
17 32 5043
47 16 8954
59 39 7409
45 53 6762
10 36 1738
28 69 1380
40 21 8377
67 55 8926
21 47 7521
37 62 5162
12 20 6776
44 13 158
44 35 3622
46 27 3038
42 52 1418
26 58 4907
29 39 2643
5 53 9642
55 68 6728
5 7 2415
34 39 3056
56 6 1275
9 7 853
8 10 2580
28 64 6121
11 13 4580
5 68 7043
58 56 1888
24 46 8614
42 59 2239
49 10 4077
33 51 9401
63 61 6086
45 31 8593
15 28 7018
15 64 2802
2 28 6228
20 16 3133
35 58 5533
32 3 626
8 6 358
65 28 2916
35 1 6623
36 30 1280
12 45 786
1 57 8217
43 40 2448
30 16 1079
10 45 3417
29 38 9832
31 36 3575
44 68 4998
64 41 551
68 36 2620
46 33 2898
25 29 7192
4 28 4263
65 64 1431
21 35 2431
31 52 9698
11 67 4628
65 22 2863
45 6 175
43 12 1861
62 51 442
24 68 8912
28 48 1509
7 47 5996
60 47 1900
55 64 5189
51 49 4492
32 56 3664
68 29 7085
27 40 3536
30 46 5362
52 44 8303
11 15 8737
42 58 9211
41 45 1035
60 55 7187
61 37 3797
48 53 5477
35 13 8145
58 67 5017
50 25 7984
7 1 2920
26 12 2208
48 39 674
67 2 5133
25 42 103
30 69 3695
9 63 2998
37 6 9185
67 31 7723
37 32 4127
38 20 7511
53 3 8124
66 9 9664
63 26 3779
67 60 7501
58 38 7638
49 32 7549
63 56 864
59 58 9056
18 28 1957
49 12 623
53 55 9031
29 36 5016
55 48 884
11 33 5905
38 15 3569
42 27 1166
68 17 2315
29 28 9911
18 4 7205
48 11 9229
55 56 4805
61 31 2184
52 32 1369
10 65 6105
48 22 7396
41 49 6690
11 4 7290
50 27 3437
18 22 6629
11 42 7453
35 50 1935
41 17 6972
67 3 7419
21 22 7274
9 46 4554
27 52 6886
53 60 3319
23 42 5748
33 35 4192
36 15 3419
29 6 8690
37 42 1701
6 16 1183
13 29 7609
67 50 8599
41 2 7044
8 22 6674
40 63 662
18 56 8964
28 66 9279
49 13 7153
28 17 8537
9 68 14
27 63 6692
69 27 3418
38 34 3477
69 66 1831
8 24 9712
49 61 4007
68 41 9403
56 10 3279
63 62 1976
64 57 387
49 3 8872
68 23 5721
60 51 4189
63 18 9858
36 39 253
16 65 2883
36 52 8235
12 4 6253
23 65 6430
21 41 619
65 15 9604
19 65 4095
11 35 533
3 18 2294
44 59 6440
11 29 4451
17 52 8075
51 46 508
53 49 4952
62 60 1068
35 39 5919
34 61 8498
4 35 5719
15 32 4197
52 13 8765
58 8 6347
17 31 4447
67 37 9592
58 55 7184
21 7 904
47 31 5153
25 54 9929
45 3 950
14 17 3991
57 44 3992
31 7 4330
54 28 8799
14 46 9239
43 55 9183
31 27 5190
46 60 5718
12 35 1471
37 36 9213
45 1 1158
1 40 5019
4 16 1427
39 63 1057
69 62 4274
48 16 274
28 43 5651
13 3 2627
68 14 4121
61 21 2405
41 13 2027
25 52 9519
43 21 7061
68 25 1962
4 56 7272
49 57 7832
56 61 7388
64 53 6975
4 68 2882
38 50 308
6 2 6817
16 62 89
54 23 5698
17 12 6304
37 69 6074
19 34 3200
56 24 9114
9 4 3200
8 48 4927
25 2 6660
52 60 7990
22 6 1707
30 39 1028
4 50 3423
44 17 7893
28 52 8445
19 55 6705
13 21 508
22 25 1807
57 13 7153
10 63 5850
59 50 27
50 68 1664
69 65 7953
62 56 9965
15 48 3728
50 23 2336
24 14 9087
18 44 8675
4 34 4694
45 61 7612
66 50 9930
42 69 6326
52 19 8823
15 60 9926
16 3 7303
51 11 1488
28 33 2996
42 3 1028
24 37 231
11 58 2650
23 58 9914
12 40 9756
53 4 5782
25 10 3512
13 9 5270
23 37 7202
39 64 1508
38 43 1914
9 17 7678
60 37 8122
68 3 1833
14 22 7999
57 67 8790
59 45 1424
13 6 8018
20 53 4348
50 24 3119
45 35 2402
7 67 3960
38 41 871
28 53 167
31 50 7182
1 39 7325
65 45 2074
5 39 9813
42 10 3999
32 42 8347
49 63 7914
62 44 4162
18 14 7295
22 51 1465
42 48 9141
58 44 3388
46 41 6645
53 12 5118
15 21 765
8 11 6959
44 46 2911
24 5 4995
47 43 9657
12 52 9375
54 33 5810
4 51 4307
51 7 7732
69 14 5361
10 3 3498
24 39 4345
1 33 137
11 57 6882
57 65 9276
26 50 1746
4 22 6496
52 24 8970
51 24 1081
41 67 2552
59 1 4374
44 11 3742
25 63 6572
46 45 519
45 67 860
3 60 6924
66 48 8434
24 58 6687
63 13 6260
67 69 3087
57 17 6455
57 22 2556
1 47 8185
37 9 3181
39 22 4053
32 59 9487
16 1 2846
33 34 79
40 41 3157
47 35 2151
59 33 8277
24 69 5977
36 16 6999
26 47 6152
46 34 3986
8 56 2166
15 6 898
67 6 4725
51 40 6371
45 51 884
37 30 2968
39 43 2710
54 21 1387
31 25 6414
48 41 6825
44 29 3248
20 67 3312
60 35 6545
51 61 9829
24 59 3951
57 29 523
15 18 365
33 63 1745
56 40 9397
45 17 1082
35 25 2240
9 2 776
24 13 8312
67 42 5282
7 46 3524
6 33 3389
54 1 470
17 33 5622
33 13 3436
5 61 2745
62 61 8717
22 11 9397
34 42 9526
21 23 9596
67 66 7226
45 42 726
4 44 1327
67 46 7077
6 17 4034
7 29 9569
2 8 642
38 35 836
3 6 6712
35 30 7047
30 60 5525
30 12 835
8 57 4255
62 4 2313
52 14 2672
37 63 2854
41 10 7035
67 53 4447
32 48 5298
26 45 6537
33 47 592
51 41 9661
67 10 8510
25 21 5621
22 69 1284
26 43 9590
32 61 9849
59 43 5800
38 13 3362
32 43 9462
13 28 1816
47 61 2574
15 29 7150
48 5 6817
8 61 4033
6 46 4365
3 11 1185
14 44 3374
19 45 996
35 32 953
17 51 4685
3 2 1355
25 53 7293
18 48 6941
29 51 744
29 61 5464
23 20 5010
67 5 1198
21 28 7536
47 53 8798
51 55 681
69 5 9309
42 55 1845
14 25 8435
31 66 8783
22 1 3078
4 8 5474
29 46 1253
9 30 6569
9 12 1321
62 25 7891
13 4 3950
69 12 355
53 35 2921
49 67 9984
55 34 3619
1 42 7894
69 32 6773
67 34 5287
64 49 9446
4 59 7068
23 40 9704
57 34 2205
54 53 946
69 61 6008
7 60 8899
34 7 4683
41 33 1267
68 40 5102
67 23 9874
26 29 9295
15 42 4582
7 18 8172
6 58 567
28 8 2736
7 12 4
39 14 6103
45 37 3417
22 68 8788
48 1 4181
27 10 135
41 55 7841
6 30 9851
10 4 4167
23 12 7441
33 18 2539
1 12 4002
68 67 860
53 30 3341
2 49 4463
41 23 1021
50 3 1155
21 64 4645
59 22 6043
18 52 7315
62 18 51
44 66 8273
2 42 3546
9 67 9993
46 28 2363
62 13 6122
68 15 9686
11 18 8479
17 50 9657
45 54 9865
21 6 7879
3 48 6955
18 26 3616
19 50 6787
65 31 8450
10 34 3093
17 39 1777
47 67 5207
40 35 3067
6 66 3173
26 64 9675
20 6 6338
38 39 8784
14 59 1664
3 35 9654
53 32 6800
21 27 1831
53 40 4159
36 32 5898
59 27 1406
29 18 9487
65 62 8862
13 8 5639
61 65 1885
61 50 7942
16 21 7623
58 30 1587
27 24 4493
37 18 5906
54 13 4310
20 47 8435
9 15 6880
11 60 2471
35 42 7107
34 62 7242
41 24 8453
11 36 3904
28 32 575
63 59 5424
33 37 7467
38 19 905
7 17 983
68 66 1219
59 20 9874
26 42 7400
18 47 2432
49 9 8318
11 55 8926
32 31 3609
14 26 6122
48 49 7166
27 47 9207
65 25 9767
34 31 2809
66 14 128
4 57 2744
23 32 5889
30 64 2656
24 53 3879
11 65 6082
46 42 5887
28 22 4194
38 54 4608
29 66 8955
31 5 8251
52 15 2064
33 2 7165
36 33 1652
54 56 1533
64 6 1417
50 56 5442
2 31 7793
16 7 8401
32 10 9092
34 41 4532
60 26 4662
40 11 5720
47 41 4821
16 18 3809
47 4 5145
27 60 4057
37 22 2818
15 14 3341
45 34 8805
63 41 1685
38 42 1901
37 16 3997
36 61 583
48 4 5210
12 41 8181
64 69 8112
65 12 1653
29 49 3933
10 14 1549
23 3 8061
22 34 3709
34 14 4713
20 68 9952
26 25 4674
14 1 3208
56 44 9727
39 50 9329
5 45 79
11 38 4450
17 5 3408
11 50 9406
45 20 4754
60 69 998
12 68 2935
18 66 6710
69 63 3316
7 62 3058
21 67 8535
51 26 6669
12 54 393
41 11 3482
65 49 863
59 56 9814
4 23 1645
6 4 1520
38 46 5919
59 15 9121
13 66 6261
10 33 7752
39 45 8238
45 56 7183
9 62 8728
49 5 7120
53 18 9102
1 63 4927
6 26 2937
15 45 3111
26 62 7774
39 18 2827
59 54 9544
6 48 3314
24 55 2853
65 68 3940
61 35 8842
22 29 2347
58 29 134
20 69 9729
10 19 7670
40 50 5380
65 8 9180
13 27 1343
39 51 5905
22 62 2267
19 64 7542
2 39 313
36 54 6166
43 58 9839
1 6 898
46 31 4926
69 9 6095
3 37 293
26 11 9743
16 56 2467
35 54 8550
43 19 4766
42 56 2949
44 41 1996
53 29 72
46 66 6616
37 29 2958
10 11 2800
1 46 2369
43 33 9443
1 61 3337
26 9 5654
35 10 1620
20 14 4517
54 29 9133
10 53 6724
20 58 658
25 27 8370
1 21 7743
56 57 2173
15 43 6242
9 23 2339
57 43 3864
38 5 8477
8 23 7631
20 34 1933
33 44 1178
8 44 4080
12 36 4318
23 55 6931
43 69 2522
26 37 7578
44 39 5494
36 14 8166
44 21 1321
58 27 1910
4 64 1276
64 31 2281
40 62 627
56 2 7765
43 53 9386
7 14 4466
5 3 1205
12 14 5258
61 4 1262
51 36 6085
51 65 9536
22 63 1915
55 69 4956
24 38 6307
21 3 3796
65 7 6773
55 35 185
25 49 3561
6 38 3600
48 54 6901
51 3 4786
32 39 6011
48 43 9431
18 51 8451
36 67 5077
11 61 2512
51 56 4118
69 15 5511
37 13 5196
63 3 8518
55 46 3417
11 23 75
7 50 9886
15 51 5614
62 46 3822
48 51 1201
38 45 6948
20 2 9008
14 9 7041
17 18 9168
10 66 7310
33 68 5165
23 56 8581
54 22 4378
12 37 329
48 34 6456
16 57 7687
37 43 7668
25 19 756
24 18 4091
20 50 6587
69 41 913
16 22 3599
52 43 5679
27 14 6937
16 39 2656
45 29 4941
38 14 6836
35 67 5345
1 56 7771
36 43 4974
12 33 9808
59 55 226
1 29 725
2 54 4415
51 19 3136
66 22 8027
49 21 4098
19 35 287
50 13 5307
69 31 340
30 7 1801
65 26 2563
7 43 16
67 27 2661
4 33 2503
4 42 3282
16 14 9838
66 42 7423
60 16 3222
2 12 3553
64 32 8606
64 10 3615
14 64 8056
68 6 1628
27 20 439
48 10 6495
39 25 6927
45 64 625
41 28 6399
48 52 1934
63 32 2230
12 64 4364
19 21 910
66 26 1256
1 31 1012
9 39 6726
68 51 8088
19 39 1914
21 17 7396
62 39 22
45 49 487
65 42 4718
20 46 2733
54 46 7015
26 40 961
14 47 853
67 4 9194
11 45 6725
1 37 4456
29 42 3609
9 55 1699
59 28 6269
7 24 3500
19 2 2061
66 37 6731
25 59 8696
24 26 51
52 53 9019
24 33 3691
61 19 5350
29 60 1950
23 43 2341
13 16 3449
58 54 6772
38 61 3117
52 20 9447
44 45 9246
46 15 7974
2 24 4528
27 7 8770
20 44 539
20 56 7443
5 35 5192
37 44 8094
55 7 1429
25 51 7561
64 29 9671
8 55 251
11 37 5700
48 37 7180
40 4 2319
49 55 2751
39 37 5011
29 5 6331
63 50 5017
63 55 3677
10 26 1275
26 55 266
28 39 7579
69 19 7602
64 47 5827
62 36 3815
54 3 6725
22 31 9342
48 24 6548
44 64 2510
57 36 1457
14 49 4972
11 16 1980
17 43 4579
19 28 9601
8 68 1836
10 15 1369
8 69 4897
24 65 1891
21 31 1899
30 49 1694
13 65 6840
33 48 9710
19 16 9994
8 7 3730
45 30 1183
51 38 2304
54 68 8612
51 13 5711
56 9 6922
20 30 8478
43 56 6650
11 62 695
68 27 4618
31 35 453
1 11 2749
6 34 8641
52 49 5823
33 45 3050
4 36 1215
28 56 3503
54 69 4199
48 12 2195
29 47 470
49 38 7384
54 14 8999
19 7 9259
1 20 3496
1 66 6364
31 3 4711
36 49 993
21 65 4585
25 40 1623
17 11 3131
23 24 7055
2 37 7024
56 5 1917
5 34 8453
63 48 9963
19 42 5626
65 5 1706
52 59 2565
34 3 6362
60 14 8407
35 8 1896
43 13 5093
51 54 1431
42 50 1897
6 60 7626
8 53 1352
46 69 6898
38 18 3627
13 14 1447
52 5 7811
37 59 5254
57 38 2820
69 58 4647
32 44 412
37 20 4199
12 58 6805
31 30 641
16 25 9999
12 13 5522
46 17 8064
21 42 33
23 14 741
14 2 35
61 23 6806
65 50 3040
60 50 6334
3 61 1668
27 44 3132
24 44 8318
26 28 3895
31 42 1732
26 36 8470
20 40 2243
62 58 8052
46 52 8607
64 24 8200
54 16 6441
23 1 9608
36 50 3226
32 34 4131
58 63 8954
62 12 9618
69 50 6432
69 45 6020
38 48 709
60 64 731
3 19 3256
49 58 3255
25 61 9914
9 35 4629
7 36 5295
51 69 4224
69 49 7517
11 49 477
6 59 5911
10 69 3874
59 5 5017
31 26 3705
62 8 8157
61 26 2993
59 41 7680
59 38 8207
45 27 5465
59 68 1959
67 29 4672
64 37 4389
45 62 1141
42 6 5385
31 68 6534
57 20 2633
6 41 7389
23 29 3206
62 67 922
14 6 5043
47 63 8916
14 62 1544
69 34 9782
1 51 7319
59 67 6347
69 13 8455
55 3 2117
51 20 8964
65 48 381
40 5 3262
41 22 3548
3 59 477
2 65 2200
20 65 856
35 66 2003
17 58 1431
65 37 7152
40 2 3878
11 19 8378
48 17 9639
53 65 6734
15 27 3903
27 48 2938
48 7 1009
58 21 9336
28 37 82
55 44 7973
42 47 8744
44 9 8568
65 35 5094
55 14 5061
37 19 1960
17 65 2745
57 3 389
45 13 4627
35 49 6025
45 23 9390
29 4 155
26 33 9279
15 34 3185
33 20 2927
37 38 3404
69 2 8302
29 21 2828
6 23 5329
47 6 8570
25 7 8102
49 6 5776
43 2 4694
9 45 7157
22 9 4704
17 8 6611
39 60 6901
4 65 9924
11 54 3910
9 3 9022
16 64 5656
33 53 8446
7 33 4935
55 57 6630
41 62 3201
47 13 4184
37 58 2131
25 43 5141
41 19 4447
1 28 7058
50 29 5953
30 11 6077
12 39 8432
5 4 1774
24 63 5753
30 5 6708
36 23 9914
53 42 5210
31 10 6460
44 19 7858
32 65 2946
55 45 3999
66 38 5343
30 21 6920
63 21 9127
68 52 2961
36 58 8305
22 58 302
36 47 4419
3 64 5425
19 15 6062
46 68 9711
16 52 7817
12 56 6902
15 61 5992
54 30 1039
25 48 9990
36 69 2240
23 26 6452
55 28 1882
60 23 1855
18 9 5993
4 66 7810
16 32 3413
41 8 6199
63 8 3074
19 60 8820
63 64 8589
42 40 8379
40 36 8304
46 53 5241
12 50 550
37 49 7572
12 10 4960
46 22 3849
31 18 8846
61 18 1880
55 18 5139
36 8 8712
64 40 6640
61 33 7588
57 28 5381
56 65 4296
64 67 3925
38 36 2655
14 65 6367
26 38 5295
25 56 2603
31 6 3411
12 27 1514
39 61 6909
28 34 8322
23 19 5334
55 65 7368
7 2 4322
24 67 9228
1 55 3427
27 65 1716
24 43 4086
18 2 4122
13 46 8550
25 4 2146
36 21 8961
5 6 7577
63 6 7584
64 58 9404
26 7 1764
22 47 8810
61 46 3690
6 39 9254
68 45 6131
8 33 5858
45 14 4416
38 21 316
15 54 6063
39 52 6830
4 7 2313
43 44 6092
51 14 723
32 60 8109
47 19 3641
66 2 5615
4 1 2585
6 69 4888
13 10 9619
17 42 7180
10 9 2290
28 9 7379
24 35 9956
48 31 6528
21 34 9693
52 40 4038
63 16 8870
26 46 661
34 60 7790
59 10 5447
66 7 1732
1 9 4221
68 60 318
17 13 7016
62 66 8215
68 32 9565
44 38 8252
24 57 7300
30 27 4540
66 27 1906
12 60 7330
22 3 3471
37 51 1581
38 8 7108
48 44 60
11 32 4133
68 19 5325
4 19 9830
42 49 3817
24 32 948
10 38 51
58 2 3022
3 38 2546
1 10 1246
41 43 2714
12 6 5944
49 16 7565
36 6 8845
32 6 2759
15 23 8928
5 8 8547
41 4 5707
33 40 7990
14 30 5438
55 22 8326
35 68 6738
67 13 7173
62 29 1128
32 30 2087
20 39 9404
60 61 4450
7 53 65
65 60 9667
39 56 7068
9 57 3541
34 24 4991
51 12 5392
52 50 4667
52 38 7626
44 25 9025
52 54 5768
31 55 2483
18 50 2169
13 56 3231
54 60 7356
47 65 7596
42 57 2951
36 19 6699
8 34 1114
47 34 9201
55 2 9244
53 21 3295
54 43 2724
20 26 74
66 43 7334
51 21 8404
2 15 1004
69 52 8308
9 6 5353
37 56 5967
66 65 9774
45 57 5481
63 34 3559
8 39 908
38 56 9243
47 30 8665
38 4 2701
19 18 5628
13 59 7931
27 6 5483
11 5 2064
41 3 3201
69 26 7797
23 44 6757
58 68 6953
43 27 3193
53 37 8182
54 8 5591
53 68 1815
60 4 2878
61 42 7583
40 67 7111
46 35 6586
58 28 6658
7 13 3918
55 20 7299
36 9 4122
18 57 5802
5 60 3461
40 48 5382
49 34 4398
4 54 9992
7 28 3999
15 33 5847
67 61 5225
45 48 3300
3 28 7056
69 23 6187
67 16 7708
22 15 260
30 48 5124
4 52 8900
25 11 1635
37 10 4611
20 4 6185
38 23 625
29 3 7737
49 43 6209
34 64 3116
64 52 3378
39 21 5304
12 22 314
57 19 7922
15 13 751
28 5 2233
55 4 2706
18 8 2006
63 11 4211
49 18 9456
59 26 8049
15 57 7245
28 67 2611
62 3 8411
58 14 9445
61 41 4957
58 9 9913
64 35 1247
12 66 7698
53 14 4537
35 56 507
57 37 7222
60 59 4922
29 19 5642
11 24 2055
41 25 1336
30 63 9521
66 64 950
31 41 8490
54 62 2764
17 35 7273
56 36 980
65 33 3972
49 59 2321
57 40 1196
17 40 8679
8 19 6827
64 62 7442
47 57 5737
38 25 5493
35 26 3848
5 21 1200
43 45 1883
22 43 2025
31 44 7319
66 54 4682
11 64 5247
15 5 509
17 4 9099
6 53 9904
46 19 6569
43 1 6090
55 30 3122
52 37 5928
61 24 361
47 48 2731
31 13 3022
30 67 1398
59 47 8949
67 1 6514
46 32 1646
8 43 2774
26 3 3301
53 27 2903
50 62 5175
52 1 8223
32 62 715
65 67 8376
61 55 1590
66 24 4956
54 26 9043
58 61 3803
50 44 9941
50 22 5502
64 51 5611
61 54 9001
9 31 9535
60 63 673
57 63 6078
37 5 5985
56 64 7998
21 18 636
5 66 4558
21 12 2369
39 46 8499
12 57 3760
38 40 670
52 35 358
3 17 5541
22 13 3003
51 16 4382
17 49 6483
67 51 3134
47 3 3374
23 48 4622
29 14 9940
55 10 1860
5 64 8921
52 34 8821
23 49 2224
57 53 8790
5 16 2742
61 30 5368
62 38 267
31 49 9444
26 5 653
62 15 5637
44 42 3677
39 47 4094
35 43 389
36 53 8343
43 18 8396
36 13 6174
52 63 217
26 17 1897
27 17 89
9 25 3531
9 59 4677
62 59 6531
40 30 9377
16 23 1760
50 21 8473
28 60 5163
7 20 3700
52 47 7647
24 22 7417
53 23 9599
32 9 3097
21 32 9510
53 13 2544
12 28 6512
9 29 1896
2 17 6915
22 33 9122
32 13 5599
36 48 6066
53 15 9169
9 53 2600
1 62 6812
13 19 4443
42 18 229
12 16 8863
39 4 7141
9 24 9856
4 46 656
51 44 3887
26 21 9636
11 34 8030
69 47 2432
20 19 4942
2 11 3104
31 60 3110
14 21 9084
32 20 9494
20 22 2087
20 43 4845
47 68 1637
58 31 9131
58 16 6673
38 2 6064
1 50 4071
48 21 3190
69 57 9802
58 33 5077
54 67 5319
42 51 3466
68 1 3363
27 41 4359
21 52 2951
3 40 7240
30 29 9839
