100 4950
65 40 4674
27 53 2404
79 65 7032
94 78 8548
92 33 5307
4 8 5703
34 83 6371
25 92 6555
100 81 1185
85 92 3357
95 91 5155
35 90 5726
71 39 9057
89 26 7515
77 5 721
13 89 3890
13 98 6351
43 51 3765
34 87 1809
8 87 6778
26 4 9588
90 15 7694
14 29 2349
67 96 7134
69 22 2125
1 7 3871
19 70 1461
40 35 3861
84 80 9301
97 19 2690
54 58 6115
18 83 4416
90 11 65
6 90 2980
48 67 1972
51 57 4695
46 97 3321
60 89 87
26 77 7494
6 67 458
11 3 7356
34 79 912
21 65 2592
62 16 4717
12 94 7562
13 65 3520
39 7 9652
31 23 4354
23 77 4827
2 34 4765
71 34 2259
38 1 3080
13 44 8867
43 61 5178
16 96 8113
67 20 9963
46 85 850
31 76 6478
2 10 312
27 74 4098
48 4 3847
48 53 6878
7 45 1533
89 41 1820
81 70 1881
43 45 1813
63 70 8145
80 71 5382
39 92 859
32 53 283
38 91 8918
34 45 6903
72 81 1978
95 61 5042
45 86 5625
46 10 2669
23 83 1538
99 26 2958
32 96 928
31 84 4622
40 11 5054
32 82 3948
38 62 1259
93 60 1800
75 67 1852
49 1 1371
24 55 5543
86 18 6390
30 33 5551
30 21 7624
48 21 463
99 15 832
62 11 4077
62 5 120
25 71 4477
71 62 9892
5 50 1012
45 84 4497
87 68 6386
58 30 367
8 29 316
87 25 8978
62 10 6715
79 8 3572
87 77 8947
74 88 6277
46 9 2703
48 57 8265
78 14 4412
69 41 1955
32 33 174
50 98 4164
24 35 6783
24 89 643
22 28 8081
56 50 8727
4 38 7203
91 65 4033
27 91 3986
42 45 2327
73 55 7424
86 66 7038
7 38 1283
10 74 9503
7 95 7396
10 61 1036
13 8 1412
42 86 6421
47 56 5505
86 69 1665
75 73 5596
33 81 5889
1 27 6130
44 34 3242
79 44 6684
10 90 5950
92 26 8171
17 83 2698
27 9 785
89 64 3244
17 84 5090
51 95 3816
24 91 1805
85 56 8634
76 28 1404
9 43 3271
38 96 3500
42 67 7004
81 11 8475
66 71 2
37 51 2118
13 50 921
89 21 8808
82 23 998
79 14 3577
88 82 8895
45 13 2336
20 100 2302
46 64 519
67 29 718
59 60 1415
7 36 2001
19 27 7183
7 15 1355
43 44 3612
7 53 8485
11 53 4683
45 14 4878
32 89 599
58 91 1663
77 81 3714
10 1 7361
49 30 6435
90 64 7259
5 57 4226
50 68 128
15 47 1009
21 93 6867
36 52 4088
86 16 7275
59 81 6935
8 14 8918
9 24 1278
5 58 3865
48 32 671
73 84 8199
72 80 6629
2 50 3700
46 99 1151
98 72 4110
2 55 6668
50 14 8083
66 24 1707
63 83 282
8 9 8565
78 84 9472
80 50 3563
70 87 735
64 66 1743
26 86 6427
68 25 1683
5 96 230
22 21 3161
39 68 8774
67 65 6255
15 29 8958
63 13 5812
22 38 4365
8 24 5585
2 84 4235
72 84 2471
13 59 1372
99 87 2600
44 67 1829
22 93 1057
25 84 9486
30 85 5629
44 23 1960
74 58 8407
5 100 7336
78 82 7543
92 65 3167
41 20 9862
30 23 4594
93 85 8961
79 10 1811
37 74 762
61 90 1820
37 78 8221
27 46 8982
32 28 881
64 31 4354
31 75 6412
46 55 6879
75 91 3082
81 25 4158
79 90 5983
76 5 7616
86 47 2726
93 39 3373
59 17 2307
8 98 5352
47 43 4506
40 20 7390
27 76 2869
72 74 5453
19 22 7478
98 19 2656
20 79 5170
89 83 6805
95 21 98
18 59 5705
14 95 7215
97 42 7598
84 97 1051
39 66 6066
16 51 2627
8 60 8514
59 3 4150
23 90 8197
82 12 4905
95 69 9711
86 23 8089
94 95 119
27 82 7869
86 12 507
12 56 4335
42 10 8886
49 37 1814
16 75 3183
35 58 8932
18 73 5563
22 47 7409
49 84 4800
40 21 6499
54 99 4859
86 91 1874
100 76 3437
93 15 7218
22 16 7081
78 36 4459
60 63 7765
9 64 66
53 10 2545
1 5 767
35 34 1352
67 82 6709
12 7 8160
28 80 6909
23 57 5397
37 41 9654
3 22 7150
68 53 3756
79 70 6759
46 72 6519
40 19 6015
71 78 7510
42 31 3840
39 40 7883
100 43 6284
81 54 4283
14 54 9673
97 21 5120
54 2 3709
18 50 8329
49 55 8566
43 94 5557
85 77 8131
92 9 4488
88 9 1052
16 7 5131
95 83 1049
29 97 7598
93 63 9417
44 91 8699
49 85 558
84 55 6921
27 42 4818
97 17 778
1 31 4435
66 44 2290
51 76 1558
55 48 5318
84 32 4527
49 7 5664
28 36 2324
16 97 8782
24 56 5496
19 88 7434
50 64 7979
71 100 340
97 54 9807
91 59 9771
88 7 9223
95 74 5902
93 2 6741
4 47 5034
95 4 2706
74 31 2795
50 57 262
89 4 2765
63 95 7685
92 21 3480
72 87 2512
69 99 8942
48 86 4039
98 86 7676
38 3 2115
52 92 2975
41 29 1665
69 54 3851
32 20 5274
4 75 3826
13 40 8813
32 22 3305
54 43 592
12 24 1179
29 49 5933
33 8 3226
50 92 4679
13 23 4306
89 6 1998
93 23 9045
6 63 1106
93 72 4811
33 72 4798
56 57 2144
41 93 9083
56 11 6958
63 74 4831
94 19 2601
8 61 6074
48 3 3494
56 94 5696
55 88 7001
77 60 6888
34 3 4819
84 59 5561
39 72 1737
93 84 9526
42 61 1864
28 45 491
77 35 6097
47 81 8946
70 25 2840
89 2 2413
18 96 2341
12 3 4284
46 43 7463
31 55 1162
62 34 7971
51 10 5170
62 13 5940
48 8 7283
47 62 7413
89 53 6449
23 12 5528
27 45 266
79 85 3627
90 1 372
24 95 6685
92 38 9543
66 56 53
64 6 3459
8 88 6952
89 79 8934
28 67 4233
77 83 9848
60 30 1147
83 43 3870
43 97 2331
69 25 8032
33 94 5318
57 52 117
60 43 4895
41 47 9088
9 33 4186
45 40 6247
75 78 3190
71 23 7695
39 12 5055
82 63 1063
97 28 9494
54 70 3510
61 68 6878
44 80 6779
34 55 6383
85 2 6813
32 46 2779
2 40 3104
10 91 9553
61 14 4827
100 86 6797
28 99 9899
52 62 1188
41 77 7618
12 58 8143
68 20 8547
94 14 3422
69 98 4977
67 41 8743
49 18 4703
65 73 3917
83 74 6624
50 24 1766
76 48 8245
3 81 8278
7 32 5885
61 66 3517
35 30 2187
51 65 3626
37 68 2096
74 48 5073
33 28 3688
11 67 125
61 17 4441
69 28 328
80 68 3014
20 4 7276
2 69 125
14 57 5744
100 48 5964
89 11 2186
58 90 9287
46 91 8770
100 74 9533
80 27 1646
7 89 5089
85 22 984
4 88 2771
15 69 8495
21 45 6891
74 50 8389
42 76 1687
80 74 6916
14 67 8460
7 25 519
47 48 9858
67 31 8133
14 3 1482
65 38 5964
35 6 9061
78 31 3366
29 47 921
59 54 2518
20 91 2940
79 17 3858
72 26 4951
73 85 9168
28 64 609
74 5 81
40 63 4465
18 2 8005
93 73 1784
61 41 4037
43 39 9279
33 24 6693
29 88 4612
24 96 2484
22 18 9475
12 34 1638
25 60 1277
80 70 1446
12 78 2954
11 23 7165
53 54 452
11 60 4171
84 61 6040
46 67 4426
81 32 4791
53 80 508
35 8 4480
80 86 1302
63 77 2307
82 41 6690
70 94 647
83 72 7211
82 31 4374
22 67 8465
99 39 2573
36 68 9009
6 66 2300
66 8 7072
16 79 3567
20 71 3049
11 41 1032
46 78 2129
17 72 7086
76 1 5194
63 66 6401
22 56 8400
98 46 3805
17 62 3316
47 73 3018
16 93 9046
3 20 2524
69 12 334
63 59 9177
10 43 8662
15 23 8810
99 5 5711
2 14 2724
65 45 2043
84 28 869
39 50 2215
79 81 4292
99 72 483
42 58 8143
90 29 5448
31 33 6638
22 49 1024
94 98 9141
24 20 1491
27 44 4213
87 47 4106
76 61 9221
73 5 822
80 38 4550
83 27 4789
28 16 1890
35 41 2124
100 37 8347
85 12 1053
29 32 6992
57 21 5460
71 67 6182
83 92 1455
20 47 7923
86 11 8580
57 42 2813
6 83 2734
47 39 993
49 25 380
12 100 4406
76 66 7174
62 31 3578
5 91 3897
41 23 3569
41 42 1370
16 36 1681
6 24 8130
25 22 7621
42 44 9600
97 6 1146
56 73 302
95 90 9342
98 37 1065
79 72 2576
39 69 363
100 64 6209
73 30 8245
96 8 2592
89 62 4855
17 20 1132
48 81 6053
30 5 938
73 35 4706
19 62 8164
44 55 864
59 77 2419
90 45 8676
89 54 7296
74 26 1192
92 100 1563
97 15 5794
18 100 5362
41 86 8288
40 79 2000
52 91 8780
13 27 4480
18 37 7018
37 4 153
16 55 2566
30 84 2923
84 53 1046
56 98 9142
41 22 1211
66 65 4609
93 56 3913
57 67 9577
60 80 9601
43 67 6976
19 39 8693
90 67 7823
35 15 8988
36 46 1001
79 64 2134
6 55 3821
8 40 9308
57 60 8889
100 85 766
28 50 4823
86 39 1318
87 60 769
39 33 6539
72 44 3299
22 27 7442
50 29 1931
74 29 3727
1 15 4071
45 57 7436
73 87 4855
30 42 3970
9 66 5738
29 3 363
32 91 7993
87 43 7915
77 22 6949
62 22 979
31 43 2324
5 20 9831
41 4 4225
69 66 143
77 62 4428
99 88 7991
97 4 1370
95 37 6895
21 68 5566
40 3 1487
82 42 6171
32 97 2878
14 44 3930
7 81 6931
31 79 501
26 48 5579
27 11 6935
61 98 4698
2 94 67
11 78 526
33 93 1221
6 48 6326
26 25 6030
27 50 4307
52 63 6579
84 39 8002
35 96 2977
27 25 7531
57 76 5876
92 12 2809
23 92 335
8 75 6039
3 47 9950
59 75 7612
27 20 9783
75 34 2501
8 84 7763
57 80 4625
58 99 3028
17 48 14
35 43 4497
16 84 2008
86 2 9057
100 11 5707
57 7 294
60 24 8363
29 19 9079
51 26 7601
8 10 3064
49 58 8308
35 91 6416
68 78 2516
26 1 2012
58 10 101
93 79 9019
60 74 2359
58 83 7308
31 85 1090
12 16 9768
82 7 3302
18 39 2298
59 27 1763
40 92 2205
68 75 4900
79 27 7185
88 80 1680
19 50 6625
87 5 6001
56 20 1604
46 31 4334
59 69 5714
36 82 9068
10 77 9959
24 5 4865
33 50 5285
17 71 5811
67 3 3595
64 25 8081
82 1 6091
87 88 1332
97 40 248
96 83 3630
57 69 1139
44 17 7872
39 42 3511
47 90 9235
94 9 5001
92 78 7066
25 8 6370
91 43 7848
24 87 6333
22 91 868
66 97 7461
6 18 116
33 85 6165
82 69 4961
53 16 4747
89 31 5858
36 76 8549
40 42 3817
10 20 3904
7 44 4489
5 32 6601
48 82 4025
60 86 1977
71 98 9222
34 16 3258
45 6 197
26 40 2016
7 21 2855
55 58 8306
90 88 4857
18 64 9303
26 49 2287
73 24 7135
40 4 536
86 67 6754
24 43 296
67 70 2831
93 45 4276
20 9 3278
82 85 4487
9 31 2570
81 57 220
36 85 5349
42 51 7552
86 64 2602
13 57 1389
8 97 4292
80 41 3789
87 3 9422
1 98 4716
42 29 4357
37 86 2012
37 24 5905
57 53 2649
53 58 3180
93 20 4021
64 92 5981
34 6 301
27 81 5069
34 95 2304
89 61 755
53 56 54
6 7 6989
98 51 1626
68 82 5113
70 77 1791
96 23 9375
7 46 4541
14 83 5685
68 32 4897
20 14 4755
81 4 3870
50 70 3948
6 19 3931
47 45 805
35 63 1465
80 2 2533
84 3 4796
24 2 6481
2 100 646
36 50 8186
43 7 9410
88 13 5652
88 98 9823
92 4 7276
11 10 9606
54 94 6704
16 73 8402
86 96 9318
79 58 6604
94 39 2308
44 84 5346
77 51 7804
87 96 6899
84 52 9251
51 34 5259
64 61 4193
42 56 3693
1 66 2274
70 28 1655
69 81 5429
66 99 9204
89 68 6221
67 49 7564
36 90 8531
48 68 2692
87 97 1466
11 95 5112
38 58 9289
89 5 9551
85 4 758
45 66 2572
31 54 8365
14 31 1206
72 75 4932
58 41 1045
15 31 9793
40 95 4075
52 88 2669
10 83 5277
92 51 8272
73 41 8381
24 76 1931
57 72 3679
42 14 6638
70 2 2076
33 17 5025
84 10 1061
77 18 6791
57 19 1
23 34 5685
58 26 3344
86 33 8873
32 17 5440
37 50 2242
78 64 2348
78 52 6043
15 14 843
1 46 5146
89 82 8832
98 91 3522
72 6 6436
100 15 967
86 92 5962
60 9 1109
35 9 1139
2 42 5768
17 24 24
60 41 3222
40 96 3381
77 54 3895
43 82 4107
32 34 3889
39 17 7973
96 91 625
44 70 1535
75 30 3304
7 20 7523
15 75 2627
29 5 5685
89 98 3847
49 44 9692
25 95 7836
13 41 7596
76 62 2268
5 4 9571
26 59 9145
5 54 6600
60 16 7357
1 74 7045
87 63 7866
25 21 7865
10 68 2539
17 86 2359
16 29 3298
15 3 3936
40 15 9728
19 49 2452
95 85 6650
86 36 9278
9 80 8380
36 17 5039
54 73 4128
83 12 6508
67 68 92
84 60 9405
94 79 5200
100 42 9794
7 4 5024
39 88 5793
69 42 2947
82 44 5547
47 89 792
60 21 4448
43 72 1459
79 37 9697
67 55 1880
32 38 9326
5 45 8859
64 48 6238
38 48 1295
37 71 1346
2 38 2933
15 37 4128
27 39 8359
95 62 1754
72 65 86
3 91 2493
4 17 5901
80 66 9054
78 6 6498
83 46 2589
96 89 2148
15 76 2543
84 24 7860
2 52 8276
96 37 4189
80 55 6424
15 28 9112
8 12 5133
52 41 4758
52 59 117
87 81 7429
41 8 790
39 21 1574
1 35 3809
24 15 8782
46 2 3360
73 94 7527
89 94 5011
9 25 2727
77 95 6474
2 16 8192
61 44 7618
5 12 6497
51 80 8760
57 43 4274
86 90 5301
83 60 6029
41 30 9938
91 41 5538
9 11 7286
14 59 7182
52 65 9507
88 27 4161
76 87 4261
5 26 3470
23 42 3520
83 66 7242
85 66 9044
90 13 9437
62 83 2929
53 43 8395
89 36 6105
21 8 4945
98 15 1026
68 24 9119
16 23 1001
24 39 3844
78 48 6739
76 45 3091
68 33 7611
7 30 4471
60 76 3618
58 92 4023
71 41 5640
92 16 1527
2 67 6704
44 76 8571
76 6 1705
17 89 5434
86 10 5269
72 76 3194
32 36 4665
88 23 478
1 61 4352
79 35 9170
6 47 217
74 93 7554
44 40 652
93 87 8285
94 92 9053
6 12 8176
86 77 3854
20 28 6246
76 40 277
28 91 9921
85 88 174
23 43 1655
15 48 8652
57 49 8505
26 23 2796
12 93 9459
88 59 8340
43 18 9828
67 72 3519
63 78 5792
74 14 5079
17 92 2697
53 14 2345
64 32 302
71 91 6147
27 56 1088
4 80 6477
80 81 9314
34 84 7635
6 93 9670
60 40 2101
22 4 8892
32 11 9615
10 29 9851
75 22 6123
65 37 7121
65 31 4432
54 11 2095
31 20 1441
26 82 9453
60 39 5714
36 19 7240
22 35 379
12 95 9302
29 58 1409
98 7 7046
44 53 5461
79 21 7945
2 49 106
17 57 819
78 99 8708
16 83 326
69 53 4748
22 70 8903
58 32 3378
57 73 6034
75 19 1095
15 80 3693
35 68 4345
48 46 3524
25 80 9324
14 36 9284
23 91 1197
100 90 3662
59 56 7949
49 68 7874
97 95 8487
34 76 1265
79 30 9143
36 29 7543
86 44 6987
98 83 2209
41 14 6391
28 19 8745
17 27 2568
33 60 7646
71 38 4417
77 88 5313
75 85 2175
58 65 2279
3 4 9918
74 34 5501
19 73 7045
39 83 1332
24 61 3353
99 37 9552
78 59 1420
53 50 3725
56 84 6118
41 90 5889
4 96 9751
1 94 1619
35 95 602
19 83 4007
95 41 747
59 83 8390
48 25 6603
94 59 7647
53 19 7139
47 27 193
12 49 433
50 4 4187
78 39 9645
78 83 8005
44 64 5428
36 30 2676
2 88 4464
3 54 1911
69 58 4408
44 41 8594
1 14 2518
96 80 8853
85 28 9834
24 1 795
11 59 671
77 55 7973
61 96 7884
18 40 9537
28 6 7799
20 45 6673
18 48 2983
57 37 1316
16 52 4437
99 1 1980
45 78 3750
24 65 7561
21 52 5659
21 94 9890
40 5 8795
32 44 4614
22 42 7907
91 68 2800
98 97 9599
85 19 9722
14 84 116
86 65 5456
13 49 2924
62 4 1821
86 43 5062
97 11 8759
6 58 796
64 29 7397
96 47 5905
91 81 3360
34 78 8467
26 65 5401
11 47 8917
63 46 1456
38 67 4147
56 37 3659
92 71 9026
45 48 1765
61 74 8911
50 51 6922
23 60 422
25 36 8993
40 37 3773
93 24 1503
71 45 4997
87 56 4502
79 51 1603
64 34 4006
10 30 9057
13 74 693
94 61 4577
8 83 5937
1 57 8287
66 28 4800
7 85 5184
54 71 4269
33 99 2605
61 36 7315
73 36 5212
75 17 9301
13 15 1809
35 57 940
29 28 1535
87 39 28
6 25 9729
54 55 7258
2 3 4953
30 27 1307
54 79 3784
25 72 3090
4 90 7874
49 83 9448
46 90 9709
60 10 9950
19 41 4919
15 2 1610
11 5 9029
58 43 8168
95 100 5362
63 11 5007
84 26 3316
73 33 2959
85 47 8248
63 67 6725
28 2 4452
91 97 525
7 77 6121
38 88 9229
89 65 9858
25 12 2
19 10 8649
10 6 983
13 60 8964
33 87 6567
51 73 3780
91 67 70
87 27 4383
22 13 7433
45 82 6200
86 49 6104
47 59 2291
61 20 3112
78 79 6930
93 19 7580
4 66 938
93 62 4222
99 48 7951
5 46 9542
76 63 502
51 69 3631
64 37 8181
32 87 5504
23 84 7270
7 5 3778
49 90 5108
49 21 4324
42 60 4337
77 76 8947
28 74 7450
4 53 5956
45 81 6747
7 73 8405
75 80 3590
91 93 2654
39 8 3394
35 81 2660
74 66 742
27 6 3590
2 61 6910
32 12 6672
100 1 4232
89 30 1682
97 56 1586
84 48 2465
53 31 7511
17 52 5773
47 21 8852
99 52 3948
87 37 2389
57 94 3580
82 13 5632
14 24 6637
15 20 8270
57 84 5713
100 78 5379
16 88 7359
63 23 6790
31 35 4328
37 54 2278
19 80 7344
28 61 6107
62 59 7583
5 39 7465
94 48 6786
91 92 9751
17 99 4838
52 29 3607
61 35 2440
20 38 2013
12 48 8786
8 72 3284
43 73 9066
38 14 1775
48 27 2924
10 33 3516
52 87 4859
77 47 1607
20 70 5364
66 27 7699
49 59 3603
73 45 1181
10 45 4339
12 31 2362
99 68 3254
28 4 1266
41 18 7551
63 36 1237
3 64 223
41 62 2965
60 2 3073
55 5 2321
33 53 7333
68 59 7600
68 62 6253
88 28 9162
12 28 4158
35 29 7108
40 78 9275
51 99 3954
35 89 7553
56 39 3157
52 61 36
56 81 9010
37 10 7481
89 55 1300
68 27 3503
32 9 3437
3 90 763
65 57 6279
19 86 6476
36 13 2862
50 11 3488
96 97 7730
8 64 9367
93 94 7617
37 46 2034
22 34 1479
61 75 1220
21 2 3081
69 100 718
50 52 4021
27 41 8931
39 89 1283
15 34 438
92 57 7874
26 2 1465
33 41 9374
88 70 248
20 63 2808
72 41 6135
82 14 2392
33 75 2300
9 93 1826
50 17 7188
54 75 3885
83 76 9541
21 42 6217
25 18 8886
36 53 6782
28 78 8892
14 92 74
98 33 2544
40 75 5857
29 59 4322
55 59 8199
97 44 6058
31 36 3811
82 6 4006
78 32 3304
6 61 3699
23 17 657
87 12 8746
31 10 2736
25 51 8646
13 4 6237
73 72 4683
92 53 8789
86 14 1836
39 62 318
80 67 8354
7 26 9033
30 37 3941
92 55 5332
22 74 3778
98 84 9135
46 73 364
27 85 3326
26 87 3090
49 63 5535
72 12 8172
27 71 8291
44 54 2348
10 65 1257
64 21 6768
95 20 2172
35 83 1156
44 73 5859
86 63 3638
95 82 724
15 73 9412
28 49 8432
48 16 8318
4 36 9548
75 10 9698
89 73 268
41 97 7184
11 93 8541
94 72 5045
11 33 5051
90 16 5204
73 70 2761
6 73 5676
35 52 7527
83 9 3761
73 29 8936
81 78 3569
76 58 7182
55 66 4164
87 49 2628
90 55 7944
57 62 2262
85 59 8066
45 11 2400
13 1 9461
52 81 6013
1 87 2281
57 88 6473
31 5 9603
63 51 5885
78 95 2395
60 36 5918
95 36 283
3 1 7598
73 90 3757
1 62 4015
61 87 1373
47 82 5131
38 52 6624
78 25 7075
26 55 3955
69 91 9427
13 66 9090
88 65 4646
17 54 2276
5 59 911
91 26 5521
91 39 3011
73 100 6222
61 15 1172
9 28 441
28 11 5279
10 16 1301
4 29 7623
8 51 7683
69 18 223
40 67 5326
3 86 2661
31 13 8829
69 52 1793
15 11 9974
44 85 4053
42 71 3058
21 38 3022
32 1 8333
47 50 6954
6 41 2057
8 82 3239
19 58 9400
88 56 9037
78 66 9022
91 55 9564
48 1 8415
2 71 817
97 62 6116
54 34 7163
10 24 3162
41 24 5941
69 68 7240
38 84 7866
98 42 3503
89 20 8529
94 84 5371
20 6 9199
86 29 3744
2 97 8335
14 46 7705
80 29 127
66 36 3835
97 99 7363
44 63 3987
13 80 4468
15 26 1506
91 25 329
48 5 6864
48 79 6148
45 74 7042
47 65 851
46 13 5447
13 32 1458
97 12 9923
96 90 6012
40 10 6391
32 100 1424
20 60 9247
67 30 4509
64 60 8421
59 46 8603
3 50 2965
50 30 9774
42 47 5400
63 30 6348
12 57 5602
70 16 1891
61 26 9409
23 50 4555
13 85 9526
90 20 7497
69 92 8053
25 45 9173
19 64 6607
63 42 8068
23 28 2466
26 76 9115
93 100 6239
53 52 3194
79 77 3766
55 100 808
75 2 7891
42 4 4715
31 32 7791
11 39 7466
78 88 6725
69 21 5561
71 70 2642
63 65 7222
18 87 4432
46 62 2036
92 1 7620
62 32 7181
13 51 8737
70 74 2013
33 48 5745
40 73 2132
75 50 8362
73 96 9403
63 57 904
82 39 9710
79 60 2624
92 24 7805
31 37 9976
26 30 7583
55 19 7261
94 87 2600
71 58 7531
14 4 6693
7 51 3841
100 47 5794
32 21 801
90 83 6565
5 15 6171
21 88 2995
91 82 8614
96 50 9694
3 37 4656
91 74 8664
36 88 5249
97 60 5893
2 5 5087
56 49 8904
68 98 672
72 4 265
62 35 9915
18 90 1470
16 47 4074
52 100 8669
91 51 3180
43 26 1792
41 2 5501
59 16 4153
81 36 6367
73 17 3702
17 46 4802
2 98 628
88 10 6052
40 50 2488
24 85 1732
17 43 2394
93 57 1817
64 45 2267
62 9 7722
76 21 3218
7 87 5192
60 70 3656
10 38 8911
42 11 1278
23 73 5748
8 65 9406
35 23 7194
76 46 8539
66 17 4089
35 10 9345
36 12 7077
16 61 7743
6 56 6372
42 52 18
99 20 3205
61 97 490
7 13 2650
18 53 3113
31 6 6015
34 81 1550
33 6 2044
1 41 4537
56 28 886
41 63 5229
30 56 359
85 21 8544
78 58 4361
84 54 3639
1 58 8088
37 44 4652
90 99 927
54 20 3107
84 85 284
30 92 6656
21 20 3384
95 19 5193
35 80 3363
68 17 6762
75 95 7552
34 26 6224
63 3 5538
28 18 2521
30 69 9610
97 24 2711
18 10 6954
51 52 3671
2 39 3773
80 99 4762
42 94 2730
89 91 9906
11 61 6365
61 79 5262
69 63 4715
92 46 1974
48 80 960
22 90 1082
84 41 1984
49 33 7554
65 15 3932
46 22 7493
90 50 8123
87 13 5404
89 19 9704
77 2 6047
96 33 9051
98 18 7127
32 63 1022
76 25 8226
59 92 1266
95 79 8918
53 38 4372
10 73 6481
98 40 6236
41 59 4072
27 95 6950
99 81 310
41 10 7029
99 21 738
100 26 6758
5 83 3497
98 45 2778
43 28 1643
72 3 580
6 75 693
84 88 6893
94 16 5019
53 6 983
83 38 8738
10 26 3181
17 25 673
59 89 4622
36 55 3529
3 28 9497
64 87 2061
8 76 217
59 99 9132
59 86 7753
76 39 3195
63 99 8297
58 81 2034
75 21 3963
51 18 9004
100 51 8154
16 72 8564
95 49 9540
49 42 6063
87 78 2311
53 37 6208
88 14 1771
31 71 2450
33 76 5623
19 47 8978
26 78 7516
11 51 1719
31 81 9656
93 28 7941
63 56 7286
18 66 3398
45 1 4946
5 14 3001
65 70 3655
72 24 5295
68 45 7848
5 63 21
45 60 2216
30 20 1351
72 36 9766
8 57 9118
84 63 5686
18 47 880
90 2 383
9 26 8438
45 35 529
85 90 924
23 75 7953
90 31 3488
21 59 3923
84 20 1057
48 50 8384
86 79 3076
10 64 3526
13 34 9619
27 7 2707
86 30 807
37 72 4180
57 68 7659
47 94 4754
57 24 7973
66 40 7124
21 82 2332
27 94 6976
100 17 8561
42 85 1479
91 88 8046
55 70 6690
93 88 1756
81 82 9076
11 58 4995
16 95 3562
55 87 8052
76 71 4610
7 75 5219
50 91 5822
23 2 3874
2 59 427
98 5 3600
12 62 7917
27 40 1630
54 22 4903
46 58 658
10 49 8583
15 63 3571
33 71 3170
91 6 1049
19 52 6872
36 84 2630
51 6 318
92 2 4436
45 26 4718
12 4 5584
1 84 7257
77 27 1417
51 47 79
32 86 3400
94 35 7716
96 51 7370
3 46 6153
47 74 5969
37 60 6767
97 53 3411
98 48 8700
93 71 7298
9 13 129
35 93 1313
3 36 2068
45 32 1332
7 10 1340
38 95 4234
30 57 7037
19 82 5996
86 4 4294
66 96 7398
56 100 8354
29 33 9310
80 7 3206
91 49 7008
80 47 9650
63 64 6317
75 92 1883
69 1 8665
62 20 1983
68 6 6623
34 29 9834
64 5 8457
58 36 6566
40 69 1543
79 39 5979
94 17 2678
43 1 3677
23 76 2940
5 51 5574
13 94 7547
19 90 9638
51 68 277
25 46 2055
52 48 12
32 88 7009
29 82 906
7 22 9613
7 66 3595
39 23 7399
47 5 6958
82 64 7902
51 1 2581
86 51 4826
37 77 7900
10 52 7312
25 88 3040
38 77 6186
73 76 1844
61 13 965
47 66 4163
62 45 6705
38 50 2007
14 10 1685
53 61 458
54 35 7684
66 37 2016
52 8 1491
47 58 9276
82 58 1658
22 88 6932
23 48 3189
72 96 3116
84 6 3039
100 72 8711
59 6 3719
82 60 350
60 46 7777
46 50 3012
81 89 1455
1 73 8095
54 4 7311
60 54 6897
28 81 2031
74 71 5004
6 88 3899
71 79 8318
42 37 8696
50 25 552
11 72 5139
46 65 6448
48 58 7150
22 43 571
59 74 9672
79 98 5761
93 95 4262
47 88 5361
27 93 2725
36 42 564
48 70 951
59 33 560
5 10 5574
1 71 6609
58 37 9502
1 53 1365
71 57 2250
50 97 1306
72 20 4108
29 25 5931
25 24 8435
65 4 9830
2 91 4813
79 43 3526
67 25 803
54 100 8672
42 84 6007
33 70 6437
90 65 6199
72 52 9801
83 82 6842
23 79 3039
33 22 5317
73 53 2629
3 75 7546
18 91 1834
92 35 2578
35 16 6052
96 85 8746
98 99 9265
22 51 3549
94 22 8907
54 36 9120
94 74 4657
22 81 5905
86 24 3858
12 90 4217
50 86 1269
97 74 4755
41 66 1128
26 94 5079
31 66 7700
53 87 6617
39 14 2012
13 69 2061
77 42 6226
47 31 137
54 1 5941
11 16 1508
67 1 936
96 70 7497
7 47 3918
88 89 2443
14 11 7772
67 84 5696
77 33 8477
70 40 5688
2 81 4108
82 92 9404
16 9 900
1 11 1237
34 28 7606
57 54 3661
10 13 9335
82 53 9936
62 2 8901
80 45 218
46 70 6536
56 38 6154
94 52 369
62 30 6347
45 17 4928
36 64 8673
5 37 4500
49 78 8928
99 45 2046
17 28 80
64 59 1960
96 78 9741
62 99 129
64 51 4693
2 17 13
83 88 7934
38 12 166
38 42 5801
59 15 8179
12 74 2063
91 1 9504
17 29 3386
7 54 32
60 69 9819
73 4 5522
83 61 7873
59 22 2341
67 12 8663
46 69 6160
86 20 2929
60 95 5369
44 92 3661
97 45 1734
83 42 5547
29 7 3505
34 58 8204
8 23 7481
14 65 5631
6 22 4882
4 9 934
96 69 3319
54 82 9907
56 7 46
42 64 7610
7 9 8325
84 89 6451
57 58 2450
54 27 1589
81 12 4751
87 45 4359
9 78 6871
36 10 2025
16 17 6165
81 42 8007
42 92 372
69 5 627
62 43 5620
36 79 9672
16 19 7017
67 18 622
84 58 5986
59 30 6542
15 82 5786
40 24 4350
30 47 6592
85 98 4555
53 59 7833
73 12 4054
21 9 5846
48 13 9356
28 95 6459
11 35 8697
56 58 2130
5 61 9731
6 87 2186
2 79 8109
45 15 127
34 20 6430
87 75 9035
41 56 6412
20 85 9943
68 83 3692
43 99 2686
52 71 5592
27 29 8648
17 21 790
49 4 5127
36 1 9336
71 22 1635
97 30 3008
46 38 2037
51 40 8992
82 80 2772
80 37 847
87 79 2893
77 31 8778
38 94 6870
45 23 9081
43 30 9957
77 3 2699
12 52 3189
30 32 1653
41 79 6704
98 36 9550
37 16 7587
20 44 646
99 23 330
43 98 7924
6 38 4130
37 59 4137
40 84 6591
98 39 9103
93 81 3785
50 16 6009
70 75 5896
52 80 699
8 27 4434
1 18 136
37 22 9774
60 12 8905
94 53 2375
95 46 3396
99 27 5891
18 74 4565
33 42 3823
95 50 9537
32 8 7111
90 14 5381
65 30 3519
63 26 9820
88 40 7650
10 25 2468
26 35 6639
43 37 9876
3 42 243
62 37 6355
7 69 7481
84 46 392
27 10 644
66 62 3247
80 87 1925
81 83 9081
10 76 7186
40 54 4391
94 99 2787
78 74 8891
30 55 6016
19 72 5749
98 65 7357
92 36 528
68 40 3366
48 62 2060
39 10 5867
28 14 6942
83 57 2655
14 66 3831
86 55 5471
52 90 3378
89 93 1478
57 27 4116
69 72 6249
44 60 9730
97 57 6268
19 11 2252
44 19 3593
67 15 7949
68 7 192
57 38 1771
80 56 4404
58 16 2314
86 46 587
6 74 1586
77 17 3821
4 1 2878
54 78 6241
39 73 8904
95 29 9660
10 48 9130
85 32 4382
7 24 221
88 73 1312
10 100 8421
73 37 6121
36 70 5484
51 19 9893
11 34 7209
67 92 8770
62 69 2585
11 94 2383
70 91 2444
78 51 9270
25 54 6599
39 53 9338
83 73 7689
62 21 5969
55 29 173
99 3 7782
55 72 7415
38 28 2005
33 40 4386
38 59 937
69 44 7061
80 11 7296
48 56 1487
35 38 1411
18 29 4711
25 20 5172
18 17 600
72 38 9574
33 7 8941
49 99 6037
49 23 7448
79 26 5667
66 52 468
44 71 4719
30 28 4131
19 78 4368
55 71 25
19 65 8744
27 5 9167
84 65 7054
20 75 5478
62 40 2826
49 93 3247
70 100 2114
100 96 4858
97 75 8832
57 55 4475
70 23 3055
24 67 4479
74 38 3448
36 65 3306
68 85 3828
83 44 5670
42 7 9619
21 58 6289
90 66 5930
97 33 3673
14 100 8604
86 22 2943
3 61 7279
36 56 2291
81 26 2122
99 31 1696
71 18 2826
12 80 3839
78 89 5760
96 56 5460
69 70 9592
80 54 7510
42 74 2140
7 41 1332
14 23 5306
14 32 86
15 42 4172
2 78 1131
14 7 4141
68 88 5201
82 9 529
47 92 8488
60 31 8856
59 34 3498
78 72 8690
89 85 5670
59 72 3341
61 46 6384
21 14 4203
81 76 1970
96 79 8645
77 49 2714
16 20 3399
12 59 7645
100 99 3442
40 36 3730
74 24 5308
3 96 2499
80 85 8601
75 53 8203
27 64 7980
59 93 2887
69 65 2229
14 62 799
40 22 624
98 23 6797
9 76 9705
71 29 975
5 72 1261
32 55 757
62 60 12
63 48 5252
100 63 9920
64 84 7888
46 82 8650
10 85 1864
51 14 4850
59 25 1216
94 67 487
21 41 989
93 13 1871
19 67 7851
38 25 6895
13 25 3914
81 5 927
61 45 4303
22 50 4143
57 29 7297
7 11 3773
78 15 6788
50 82 6038
35 100 2226
37 93 7447
87 19 5662
29 81 5661
30 80 7120
94 64 6372
100 6 7610
48 49 2232
10 69 2737
54 41 3807
85 5 4552
95 54 6794
33 1 8587
94 37 4138
44 39 1693
14 52 7631
41 5 6389
85 62 9198
23 67 5785
52 67 6245
40 57 8369
24 28 7348
61 71 1782
91 73 8039
60 88 6152
14 85 1613
25 53 9965
61 73 9522
6 65 8922
88 15 847
44 81 6476
38 85 3908
43 21 2409
43 81 6080
23 7 6804
77 15 3070
25 14 7451
26 75 4168
98 54 2814
76 75 9984
58 25 1245
87 90 8844
31 29 5207
42 26 3798
87 57 489
30 51 6835
11 49 3260
21 4 1636
65 49 7024
16 76 3657
33 56 6777
89 72 6525
49 80 7324
55 45 2121
32 4 5142
6 42 2137
89 40 1201
92 29 5072
74 44 8753
6 14 8679
83 1 7120
46 40 8291
35 42 1533
9 87 4805
54 76 3574
57 16 3380
48 41 5929
96 45 6762
36 48 8987
33 65 6433
34 10 8252
48 35 7938
56 71 8212
15 87 8477
34 96 354
48 22 2689
28 8 7155
22 8 1008
85 76 2357
60 7 3544
21 96 8563
52 47 722
25 44 7632
9 3 3838
61 72 9742
61 56 9143
26 50 6410
79 74 5288
10 54 5538
30 52 3500
70 97 986
29 68 1583
92 22 3314
39 48 4681
57 31 6421
32 6 2470
30 19 3470
27 31 109
99 75 2960
11 43 3023
53 76 7045
81 92 6895
25 16 1208
36 99 3061
76 64 8694
61 70 2320
65 16 2324
3 52 9185
39 38 8668
44 62 8053
25 30 3837
75 69 495
26 44 7400
53 83 4710
45 50 9494
15 4 2307
58 100 8126
17 9 3248
3 56 5605
100 88 6239
62 54 1199
49 79 8171
27 2 4449
51 48 5180
58 9 9679
1 23 9031
10 66 8136
34 39 5524
99 41 9731
41 53 4866
81 62 1518
22 80 5875
3 19 4068
46 57 3244
73 95 7529
96 63 742
11 76 5815
65 97 6704
18 16 8402
81 10 104
62 15 9125
49 96 4116
79 100 6616
99 44 2894
34 97 973
91 54 4239
88 76 5072
31 24 2870
36 33 9862
51 56 1240
27 14 6536
76 38 2126
62 65 4825
78 67 2534
56 64 7711
12 61 169
24 62 6842
74 7 2372
98 63 5142
19 13 5661
72 82 5698
70 95 2948
87 16 6130
76 84 3419
51 70 7872
60 55 9640
58 24 2696
50 89 7773
9 86 809
78 27 5007
31 58 4875
70 30 2528
30 29 2799
85 70 275
70 68 6258
42 48 1643
11 57 3436
73 60 6351
73 81 4387
54 13 8187
82 40 9953
9 69 2229
66 19 6797
89 90 8989
70 18 9495
70 90 6375
20 81 1692
69 24 8406
44 11 3529
49 15 4929
85 53 4032
68 74 2517
96 74 151
100 28 9037
31 26 2076
34 7 4576
27 36 2654
46 18 9881
64 30 5014
11 48 187
63 9 1211
68 63 2284
82 25 780
72 53 3527
32 76 3011
12 64 5151
67 62 8574
84 90 2834
88 53 1640
52 89 7066
70 8 7630
57 66 9758
53 34 5915
54 38 5802
25 42 5037
70 39 5571
41 12 2374
45 58 210
37 20 9049
3 100 8861
84 51 2758
95 52 8142
1 59 229
79 97 3183
40 87 818
95 88 6449
4 84 3631
33 95 1186
60 53 833
22 63 1048
72 29 3570
66 100 3853
42 68 6091
41 83 6429
7 86 1152
93 65 7276
58 18 974
21 1 3082
5 66 254
63 45 6476
28 92 2417
9 30 7137
85 43 9990
71 46 266
52 20 1542
21 6 4873
39 55 8702
38 34 8398
90 60 4713
74 57 6474
29 70 5301
27 89 9942
86 35 8173
77 97 8917
58 33 9272
84 95 252
81 86 5840
64 24 4977
22 31 9187
62 88 8285
13 42 2547
1 22 5461
30 6 9328
28 48 8935
33 79 4100
96 60 3539
80 83 6910
23 78 7812
79 80 1575
38 51 2949
63 39 1418
93 78 2467
30 61 5380
7 19 2929
41 17 8990
38 26 4875
47 10 714
97 94 5933
63 79 1495
55 74 3062
45 16 7184
89 48 7000
92 5 2824
100 59 6582
72 58 3041
86 27 4155
76 43 5361
12 51 6135
64 65 9925
24 99 1608
94 88 517
75 32 8897
89 92 1167
22 20 9385
64 69 3052
7 50 3381
1 72 9696
41 92 2662
55 97 4642
18 88 8206
65 59 8244
30 68 4189
28 46 728
93 58 1898
81 68 5049
24 45 5579
16 63 962
7 84 2719
10 15 5737
51 35 6912
17 78 8288
96 81 9826
95 59 2613
83 91 5826
29 91 1502
61 54 7437
91 13 1023
30 66 1693
95 10 2075
97 51 4755
5 42 5667
17 3 2237
49 97 2134
64 22 5667
46 66 2975
81 49 177
49 16 7398
45 59 7529
30 74 8739
98 12 1925
39 65 3596
21 50 1840
19 69 1543
2 37 4948
25 63 3007
9 6 9268
13 67 8188
20 18 4988
41 100 4690
58 86 6643
54 86 8403
12 76 5899
99 70 416
98 41 172
48 40 708
24 80 283
67 73 9559
87 51 235
34 21 5142
54 52 6916
52 86 1127
71 10 1695
7 83 9559
3 95 293
69 43 4323
74 23 1979
17 38 4936
58 89 9480
28 65 8600
70 38 6042
80 78 1305
37 34 2887
25 97 7157
63 53 992
85 50 9876
8 26 4208
30 72 4017
13 20 6147
66 50 8938
36 24 9357
69 77 5670
95 32 401
9 59 8331
99 67 7894
65 12 2062
56 29 8873
37 26 4784
28 86 535
80 90 4364
60 66 8016
34 85 2609
14 33 2808
58 14 6595
43 36 539
12 15 8699
79 15 1942
25 55 1899
37 88 2402
83 24 6831
63 91 3430
54 39 9206
57 39 7964
8 71 1612
2 58 9730
71 87 6770
41 88 9948
34 48 549
25 3 3148
78 30 7804
26 95 7965
74 35 9109
4 19 6749
22 52 4942
12 26 8404
40 77 7717
3 92 136
80 31 6911
59 87 1147
86 13 4767
34 40 2143
11 22 3646
17 47 2120
61 100 1684
90 71 1363
9 5 1436
19 96 5319
43 48 9230
75 84 4113
16 5 1195
95 87 1196
58 63 7880
16 8 6586
31 97 3564
38 66 7980
82 33 2172
79 29 9686
51 24 7823
46 35 9108
54 29 3037
52 25 4806
69 33 5073
95 58 3687
37 27 590
77 64 8804
99 56 7888
22 9 9485
3 43 5908
31 88 4123
67 32 4397
82 35 8231
43 66 5780
97 88 7950
99 30 9484
39 32 2834
40 52 2207
82 73 5220
94 24 8367
71 40 9976
40 9 5995
97 26 876
34 100 2624
100 60 4933
74 65 7542
24 79 1003
92 77 5486
94 66 5203
17 49 3358
66 73 2471
58 77 8898
52 24 6591
55 11 2312
80 3 8791
78 10 5609
4 23 8596
83 33 1994
86 25 1488
79 92 625
91 36 2972
85 8 4295
50 77 7082
78 18 8023
56 15 8354
59 76 3154
39 25 3994
29 83 667
11 37 4479
55 93 6592
98 81 5615
47 83 7085
82 4 2007
97 59 4465
51 9 4181
65 87 6672
77 9 6515
19 100 2402
91 31 1032
77 45 2374
35 20 5500
27 51 1284
47 32 2614
87 29 4556
63 1 8022
50 35 6498
13 78 3513
89 57 7384
10 4 191
15 74 4632
90 37 4059
26 67 8089
38 29 8364
33 66 8629
44 51 7013
24 32 1138
25 33 2363
96 88 7279
11 68 975
51 53 476
53 5 4300
32 94 3995
97 20 9918
26 54 9250
70 13 5125
98 100 2878
9 54 5798
65 41 1275
73 64 5664
46 15 5070
44 38 7507
68 9 3735
15 33 87
80 73 353
31 59 5049
95 43 498
53 67 9988
64 35 5751
29 63 6693
28 83 6852
12 17 1255
3 23 3992
26 70 5590
38 97 4140
75 1 5375
76 82 2077
56 25 8424
79 9 2912
47 53 5336
31 98 9974
91 99 2496
44 95 643
86 15 2954
67 5 1715
44 4 2027
41 9 8517
49 41 2245
73 13 1041
15 6 1778
86 85 6315
94 40 2029
37 45 3805
55 41 6860
64 15 6633
65 80 1901
63 8 913
53 70 7049
9 44 5871
65 5 4032
80 20 5517
4 63 3598
15 55 9336
75 41 7936
94 91 4486
2 43 2635
84 91 4188
19 26 3008
89 14 9830
56 31 6808
19 34 170
1 12 1819
85 18 1491
63 61 8925
13 37 7256
67 8 3146
48 95 9741
53 45 4122
70 9 7335
54 83 1573
20 11 5076
43 75 5745
19 92 3316
22 98 4032
8 19 4389
61 58 2291
86 87 4787
61 47 3549
19 21 7400
7 67 4308
10 82 5412
18 34 6832
66 77 5942
39 58 2601
1 25 9381
56 32 3279
71 82 7533
86 68 5488
60 75 1558
37 85 9573
99 10 879
69 94 8617
62 79 6276
75 11 1835
80 23 2588
68 60 314
9 38 6241
29 78 5056
48 37 2930
63 75 2207
27 70 7707
48 75 3694
70 43 5236
42 50 8046
26 18 9530
47 78 1489
91 45 6905
50 62 7598
4 99 1854
27 84 6949
73 3 238
27 90 7169
23 46 2513
14 16 7573
3 31 9784
63 81 9617
19 84 9892
79 67 7204
57 32 9202
96 52 8083
56 23 6536
69 73 2530
1 28 5160
90 54 8478
1 2 833
8 95 7104
53 40 1123
8 55 5337
24 59 5009
51 21 9487
41 26 1321
53 28 4711
77 94 6231
20 55 8996
19 63 5565
24 90 7240
43 13 4246
74 41 8779
17 67 313
63 73 9851
88 45 1642
49 39 1457
42 1 6315
13 97 3993
91 14 3285
49 38 6579
27 67 3722
18 95 6953
41 68 2791
8 42 3452
6 39 113
74 46 8804
77 90 7510
31 25 7294
80 100 8846
97 100 9584
71 94 9170
79 19 3306
15 50 6686
4 43 3773
84 82 2492
61 29 7916
98 80 9463
76 18 241
77 6 8019
17 42 4495
24 70 460
97 90 1671
65 48 3376
26 11 6185
11 30 7570
60 5 3497
28 26 8802
43 29 8490
22 95 6623
14 60 4767
96 36 9402
92 45 798
12 2 6542
32 3 3414
11 2 443
94 86 8746
77 11 6878
15 51 6392
22 10 4332
99 53 6803
62 87 4107
80 94 8090
68 55 3725
83 75 2161
74 33 4162
95 86 5981
27 97 4143
66 59 8711
61 21 7123
33 35 14
58 80 8260
89 97 7066
77 68 8009
9 85 9026
53 79 2927
23 54 4212
20 50 20
100 38 5159
61 19 9643
49 20 4415
38 69 3158
89 71 3025
13 96 8917
59 28 3981
60 28 7462
15 60 9224
61 4 3790
91 37 8562
71 4 1537
77 56 8911
54 68 117
71 49 5129
14 96 922
66 92 4480
3 94 7174
53 2 4799
44 77 8732
46 52 1615
82 18 3430
39 96 5405
8 46 1587
91 40 7166
84 71 2557
13 21 2869
35 65 1111
31 51 5448
36 59 2483
84 81 9335
87 92 3477
5 6 8765
78 3 8322
69 97 9389
42 24 3549
68 43 9648
36 75 1134
17 98 6825
14 98 7847
76 13 401
16 42 1116
66 81 4541
16 6 21
78 55 8641
91 4 2339
4 46 9213
46 42 8889
18 15 623
67 34 7772
90 59 7950
21 87 7248
79 57 5456
49 54 5307
18 23 4959
50 99 1544
34 33 7238
93 32 7931
14 49 2675
22 39 1642
38 41 6091
17 8 7154
13 26 5938
4 69 8351
3 13 7883
4 39 9764
90 40 9070
77 39 9263
48 24 8169
42 53 8099
14 48 3317
68 52 4622
56 17 6304
15 43 7224
76 80 1768
18 65 8688
34 47 5997
63 89 7335
12 30 168
22 17 6132
78 50 6552
65 77 1106
69 32 3327
96 28 6134
52 15 6749
9 84 4303
57 4 5233
35 49 7980
100 16 3840
75 88 9837
98 47 907
37 39 2053
34 27 8861
45 100 7297
65 95 9982
9 1 8005
50 65 7400
49 92 1279
5 68 1255
57 22 8853
48 91 9045
31 7 5312
9 91 9274
47 68 505
97 52 4706
56 75 8419
11 96 7017
78 57 2746
29 24 2067
21 56 8476
56 55 2391
8 59 5735
71 15 7133
88 81 7863
84 86 5530
2 7 2862
54 21 9483
86 6 5582
81 75 4857
52 77 5191
60 99 8987
92 72 1904
83 22 4851
14 63 8097
71 19 5099
50 10 1316
13 30 5123
35 44 7767
48 66 2479
93 42 643
44 21 2393
56 18 8384
67 47 3469
53 74 1600
77 91 4292
77 57 6559
90 25 5156
30 95 9025
22 76 7867
84 92 5883
62 29 8834
23 100 1227
25 85 7133
83 87 2315
18 99 8098
20 59 7104
2 73 6988
27 26 313
61 38 4834
67 9 289
75 65 3209
25 89 4512
52 18 3424
87 54 183
51 20 1582
47 13 264
83 86 5956
23 9 6450
58 66 9482
77 53 2415
7 35 973
67 69 2882
38 36 7778
80 69 1604
93 3 1360
21 77 2339
78 69 2357
93 77 891
48 60 4533
30 44 8939
19 24 8094
21 80 3746
38 87 7995
34 60 9289
22 36 665
68 26 2575
54 28 6899
73 11 2380
46 87 4255
82 87 3350
23 59 905
55 64 3793
63 37 5838
85 61 5966
53 12 8002
18 62 2173
15 27 9648
91 62 1590
98 60 5406
59 4 9307
36 21 2084
70 4 6352
82 38 5546
95 56 699
34 31 6770
92 37 2145
40 72 8057
19 74 210
7 61 1485
55 83 1335
40 100 1917
61 60 327
4 83 2114
29 77 6993
18 27 4441
9 98 7036
66 84 6805
100 39 8071
36 35 2895
52 33 9264
26 69 2767
65 82 4249
86 82 1764
99 38 5386
36 69 4542
76 95 4109
54 67 3866
35 75 7294
18 94 1584
54 96 7445
15 22 4519
8 34 7144
68 71 9549
16 15 2062
18 54 1364
46 6 1606
17 70 9302
8 1 2301
51 45 8141
20 8 6390
81 65 8761
83 45 8135
38 5 103
30 48 9161
47 72 6764
94 20 3135
68 34 9329
5 95 8615
44 52 7309
11 24 3636
64 68 1105
54 42 5773
99 89 424
25 23 401
54 66 6750
32 92 2755
78 4 5344
100 84 5455
70 58 5558
85 81 1157
27 23 1580
46 56 3617
4 2 4497
82 75 9155
21 10 8349
42 59 6633
72 48 3335
17 5 380
15 58 4137
54 12 6014
22 78 3895
38 8 1118
64 81 3083
24 3 5353
72 56 3526
57 18 6652
23 37 5315
95 1 9884
10 94 1821
50 44 8504
27 61 902
78 53 5175
60 51 7175
44 58 1705
29 20 829
34 88 5503
42 72 1819
31 93 3293
77 99 9674
73 52 1622
50 79 3145
67 88 4615
93 34 7782
74 77 4438
88 48 262
23 51 3747
33 47 1279
49 5 5263
27 32 3405
25 98 1910
1 70 4616
23 81 5312
18 12 3770
75 94 1794
8 73 2141
33 91 9763
88 86 270
37 21 6421
73 86 5313
75 47 6233
16 30 3499
17 40 9069
91 15 1978
19 38 2503
56 43 667
64 26 4727
22 82 1074
58 52 5117
86 40 4490
72 28 3093
63 38 6058
82 79 4773
20 53 8529
12 89 4033
29 48 8712
62 42 9235
77 100 4802
28 71 5665
95 72 7691
39 90 5869
29 89 3548
33 16 6203
45 38 4812
92 95 1934
90 32 928
46 77 1408
62 61 2581
66 23 5024
12 45 1693
77 72 2725
1 85 8695
65 29 7579
10 17 6562
80 8 9507
26 88 600
66 49 77
73 14 8497
98 11 6877
7 58 7156
56 35 6092
4 67 473
12 22 5355
92 18 999
62 86 8119
40 80 7755
83 13 2325
50 76 3360
99 14 1202
99 6 3401
72 32 791
53 21 9224
39 41 7179
73 21 5983
55 62 105
80 10 6557
95 57 4943
6 57 9241
23 55 1741
2 57 8557
50 55 1813
29 76 3831
7 28 2494
11 83 4735
48 59 4705
2 95 4666
21 90 7807
9 90 4617
25 43 9410
97 71 1809
6 60 3922
9 96 8662
51 39 4297
23 47 219
47 49 8490
3 53 6085
78 70 2754
32 71 2576
64 7 701
97 73 5353
54 74 3730
19 68 3693
71 73 8099
6 1 6850
44 78 4508
77 4 4199
23 62 3624
90 57 9835
19 42 8783
37 69 6386
24 47 8784
98 24 7206
8 78 9533
38 43 6644
24 22 8230
74 99 3208
15 84 3860
33 44 9681
39 1 6888
68 13 1431
8 77 2067
97 47 7491
96 43 9780
8 90 7436
84 79 8435
34 56 6239
64 2 5299
87 10 294
27 72 589
14 97 3127
16 21 9828
71 6 714
93 38 333
29 96 3631
97 64 6047
70 57 2338
50 34 7163
24 81 9132
9 75 6512
46 54 1870
47 71 6410
69 74 6101
5 56 661
37 52 606
42 79 2145
64 75 5019
26 93 5078
68 96 1871
22 100 3584
32 59 4586
54 30 3556
49 45 8799
96 48 5828
99 57 1061
3 51 2046
72 34 1637
88 79 8175
84 87 4884
38 78 6840
24 53 4010
5 84 4656
53 91 3610
88 3 8866
24 13 9718
12 37 3351
85 97 4714
19 5 3746
46 93 9878
12 11 2603
74 84 7783
98 75 4611
71 3 408
51 74 3558
37 6 1951
21 35 3276
52 74 4287
44 29 3096
3 8 218
69 17 7437
76 91 6916
98 67 85
77 14 261
94 36 3410
91 7 8666
81 95 2270
15 72 9154
52 43 2879
88 11 1159
36 93 9091
61 51 6748
71 81 7183
91 100 8333
56 1 3318
16 4 4875
16 71 7782
21 63 6293
35 13 2520
26 56 5217
40 83 1383
43 5 9383
14 76 4776
86 78 8145
97 48 8309
89 38 2130
45 72 3882
50 81 9634
10 56 9499
99 25 9273
4 11 3764
42 70 4877
31 30 6494
80 97 9015
100 33 8321
23 58 8296
2 22 9994
77 43 3624
71 69 440
77 82 9383
2 74 262
26 32 7961
51 58 3653
30 88 3925
9 50 1457
18 68 3690
74 87 6249
82 28 5617
53 15 8025
11 84 2622
61 49 1344
97 22 4584
91 61 9285
62 72 9926
81 41 6073
86 97 5429
51 75 6486
100 82 514
34 63 2967
43 34 574
96 6 782
84 99 2408
98 62 8981
18 61 7490
55 42 3985
97 58 6506
3 18 1422
66 89 9101
11 79 5302
48 31 2346
44 47 6804
88 58 2704
20 12 343
15 9 754
47 84 8435
92 70 523
27 73 7979
19 60 2383
83 69 589
35 98 299
1 20 7887
43 20 9317
81 18 5279
66 53 4648
56 19 1648
31 16 4394
32 65 8556
15 8 6419
71 77 4091
56 91 3340
25 73 9517
41 51 2350
27 92 1334
53 93 5857
76 19 7306
4 87 8322
87 30 9383
94 65 6614
82 66 9696
36 97 7260
16 77 8936
2 63 4657
23 33 8219
37 97 6812
11 85 777
90 26 2245
62 92 1184
29 9 5467
17 63 2230
76 97 9001
55 85 783
89 37 2845
74 25 2380
72 13 7151
96 98 3540
53 8 6115
4 45 1667
71 72 1925
21 66 2887
89 22 6218
96 15 8497
30 98 4131
31 40 3401
32 15 5724
77 32 5041
75 93 6903
6 49 6816
55 98 7267
26 98 5957
6 92 9577
63 71 7629
60 38 5469
89 77 9016
59 67 1498
53 100 1394
95 47 7604
28 75 1256
68 66 1629
49 8 201
21 26 471
96 65 5461
86 74 8523
8 54 4110
99 9 3441
39 36 3233
2 82 6314
87 66 3210
89 28 7516
19 15 739
34 1 2314
27 38 7298
8 18 6439
46 29 1696
66 88 4661
58 87 2129
57 85 2761
17 93 3860
83 70 3606
33 5 594
46 45 2590
89 42 8713
71 60 161
70 56 2090
32 52 143
52 60 992
65 43 4000
44 10 8834
50 100 7347
94 5 8721
13 6 7158
18 24 2452
15 85 3014
56 54 1432
64 43 3158
80 18 3926
64 54 6474
83 100 5411
2 19 9755
94 4 3872
76 30 9687
23 65 6923
82 97 610
56 52 7386
97 81 1435
25 19 4702
35 28 2177
27 69 3535
56 8 8847
52 11 6134
3 60 1888
80 89 8773
86 56 576
3 98 3809
8 37 2517
84 33 9068
56 14 9816
51 93 794
11 25 9155
82 34 186
89 34 1134
48 54 124
94 82 4853
92 90 8238
74 85 20
51 32 5601
67 10 2921
80 63 5619
93 4 1828
69 8 9158
90 94 2958
100 87 9743
23 36 1702
31 44 2669
81 67 3993
27 58 2275
76 68 9839
42 20 6594
76 70 3007
95 42 5849
44 45 8525
12 47 5646
22 23 7028
90 53 1569
96 55 3858
39 26 4760
28 63 2384
50 93 4192
8 45 7139
2 51 1004
51 82 8387
43 84 300
79 28 3622
38 98 4632
51 62 9927
85 65 790
32 35 2886
80 77 1902
12 46 7267
91 17 5682
99 22 1280
25 61 7170
65 55 4575
20 98 3810
96 22 6363
93 83 5945
93 18 9829
20 69 9117
41 96 4073
15 68 1948
61 88 9543
54 24 5970
26 80 5894
3 41 5273
12 9 5316
92 88 9057
49 70 7549
18 7 6773
71 85 9998
70 47 7713
39 45 7532
32 98 2646
13 75 1637
79 7 5508
51 83 4878
50 73 3630
26 24 4545
35 71 1213
71 24 1993
2 48 9218
20 78 880
93 29 2111
1 55 141
80 33 5852
88 44 3947
100 8 3981
28 10 3637
94 60 926
39 15 5193
49 69 7055
82 5 2220
93 80 6771
88 69 8493
28 25 4566
3 97 7699
92 63 7369
45 54 2699
25 65 5736
98 21 7857
75 25 2164
9 10 894
71 30 1079
11 82 2996
73 99 9164
28 77 667
10 98 5534
64 96 7310
50 54 5701
20 48 8679
18 13 2014
52 79 4496
46 51 2104
92 74 8182
38 90 2341
30 38 7311
62 63 225
91 79 162
32 80 5831
70 5 7712
67 77 9773
76 79 7194
67 95 2922
55 3 8586
8 50 5442
18 38 6047
20 96 1527
21 31 418
60 22 576
91 85 4288
88 42 8699
98 70 8501
13 79 5935
9 65 8249
46 19 1737
39 74 9623
84 50 8237
40 74 9661
14 35 2975
33 3 4982
95 15 6765
77 13 2492
1 30 9866
51 28 2493
48 93 8567
89 23 9242
70 64 9235
92 68 5131
3 66 9122
90 42 7916
45 70 312
16 91 8873
12 66 2831
42 34 6106
43 71 2873
23 85 6241
82 62 1170
23 20 8088
49 74 8338
13 33 3244
55 94 1020
88 64 5432
16 80 6211
62 58 3341
52 83 4577
94 8 5550
89 70 544
70 37 4096
23 38 6855
39 31 3115
47 26 1766
62 100 4280
45 18 6071
99 19 6425
65 2 2745
8 68 3756
8 92 639
36 9 2148
9 55 8850
78 42 2801
23 6 9163
94 81 455
18 97 360
35 84 8916
68 38 2375
87 14 1669
70 11 4451
58 28 4060
44 68 9314
72 85 3233
81 14 4579
72 51 2380
64 67 4457
2 6 7386
89 43 869
59 96 9212
19 33 217
45 69 6923
75 74 6185
87 91 946
66 35 384
88 71 5831
2 76 6253
69 84 746
13 17 8099
98 87 2517
62 96 1220
68 93 7987
95 68 8537
61 81 4657
96 94 8202
59 82 3178
85 83 1517
47 37 9071
69 3 3259
29 84 5454
76 7 8622
43 27 5949
21 27 6725
81 21 8364
21 84 7776
85 17 6637
99 13 1101
98 76 1494
76 99 489
44 5 2655
28 27 2159
89 69 4926
96 46 1249
62 74 2118
17 60 8849
36 26 7407
93 10 9075
48 77 6915
56 79 6131
26 57 2449
75 14 2302
25 93 7215
69 55 4907
3 85 652
93 92 1877
43 90 2160
32 70 2233
61 22 6670
91 57 851
49 62 9187
64 23 2425
35 47 3465
93 99 5319
41 36 2814
51 49 8738
47 46 7735
93 86 5806
68 58 5388
30 24 3819
99 96 2908
22 66 9607
16 74 3504
99 86 4578
60 4 9264
28 44 8827
95 53 3516
5 75 2918
44 90 9987
79 99 9007
71 99 3794
30 82 5636
53 98 6730
81 13 8217
44 48 3574
18 84 1375
70 72 2971
44 96 1793
82 74 5730
49 94 6627
68 4 4983
8 11 8352
93 61 7533
48 73 3324
15 30 3489
35 67 2959
8 7 4737
51 59 1647
33 88 1388
26 14 4598
64 1 9028
87 42 2430
67 37 9538
45 75 7992
40 47 4771
49 53 3254
44 57 3076
11 21 4533
86 21 1477
18 42 7968
16 67 1842
19 20 9388
37 38 1184
25 66 7625
37 7 8277
90 63 5985
72 63 8789
26 29 8284
90 68 5830
71 36 611
97 9 3723
22 79 8204
49 43 3424
79 73 9527
79 66 5416
62 8 1310
8 99 8916
98 90 7333
51 94 6606
34 52 3152
86 71 7197
40 85 1139
81 37 8982
70 3 9868
59 50 3372
5 28 7611
19 1 3781
14 43 3464
1 80 4963
94 30 7467
88 20 2778
58 13 7018
43 88 3129
44 2 450
56 92 4147
99 61 6214
98 59 6532
63 47 4290
66 20 7088
34 14 1865
44 65 9777
13 52 2395
17 76 5269
100 7 1121
38 79 1568
1 97 5615
5 90 9857
49 82 9375
94 50 6635
60 81 8583
21 72 2560
9 47 2095
61 37 9061
81 17 3414
87 22 9755
36 2 500
11 38 2753
73 38 7689
50 83 1521
24 75 1267
15 36 3496
30 14 2609
23 21 2729
5 3 6990
7 48 609
58 75 1708
1 37 4018
58 4 2829
17 74 3145
39 28 9656
64 53 3668
93 44 3803
50 88 518
57 64 237
24 27 9288
64 40 8208
89 16 5561
53 71 1178
18 36 2476
21 3 7531
20 39 5224
30 100 4606
68 56 982
61 34 4186
24 77 3805
3 76 4723
82 37 6774
56 2 3770
24 21 5454
13 95 5261
7 62 8303
4 79 5623
73 31 2796
74 56 3987
5 88 2753
87 35 1360
25 57 9550
45 79 9613
39 64 1185
72 97 5565
7 96 8972
67 93 5299
13 39 5841
96 53 1959
5 97 8631
55 38 7456
44 46 1495
85 63 483
70 34 8120
15 66 8769
85 26 6682
72 7 5184
28 21 5923
71 59 2794
5 36 9533
57 20 5493
13 84 7470
45 95 5749
62 33 5006
5 93 8561
32 74 3997
37 75 9113
49 100 3716
9 39 2364
28 41 489
75 71 4567
39 80 6382
29 98 9839
39 46 893
35 60 5979
51 71 4119
82 16 883
64 99 723
8 86 3471
40 43 4442
57 47 3627
71 5 1417
91 72 8512
1 88 5546
1 17 9448
84 22 8216
1 81 808
51 36 249
56 60 2605
23 10 9595
56 90 3930
61 9 6469
67 61 6324
2 66 7302
56 13 7968
50 12 9638
9 73 9731
16 64 9959
83 65 1574
14 19 3219
69 47 1985
26 17 1549
46 89 4688
93 70 5728
18 9 7707
25 94 7563
37 25 2470
75 52 770
55 47 1315
48 19 3375
4 18 3497
3 49 5006
44 16 5646
56 82 556
11 74 5888
31 8 8355
53 65 7609
20 82 1543
24 100 4264
78 62 8751
74 76 6899
79 83 731
85 69 1269
44 56 9586
33 78 766
32 18 1057
72 23 7103
10 89 7351
34 25 7946
92 15 7700
34 99 3594
65 11 918
90 78 5824
75 79 1082
38 15 9533
88 46 3205
40 49 399
63 31 6622
82 93 1857
22 53 6562
56 83 9678
48 83 1357
95 80 2668
33 2 9134
18 55 7819
57 96 474
67 58 1378
81 16 1028
96 42 4640
16 3 7196
98 78 6992
68 28 5072
73 34 2008
60 29 67
54 65 401
83 32 2206
45 22 9155
71 64 52
70 7 1410
56 62 7394
11 17 4496
37 17 8174
33 51 3331
47 36 8259
20 87 8442
60 50 1820
32 10 5683
32 42 5806
90 34 5719
85 6 8195
80 36 3851
5 22 6386
36 45 5526
62 75 1200
75 27 1029
27 96 6862
35 78 9852
86 1 2993
41 57 1010
6 8 9525
64 83 4142
58 17 3018
17 7 234
59 57 7788
93 54 8022
43 59 3470
60 65 8617
89 51 7616
71 50 4088
89 44 1926
46 94 8794
54 15 2746
66 72 8916
93 98 490
59 70 5641
28 94 9964
67 74 4326
23 53 8254
89 45 2716
48 85 9625
94 85 6590
27 49 6816
12 33 6172
98 92 944
32 40 478
6 50 7938
24 23 7720
21 55 1116
68 31 1983
98 49 9490
33 21 6992
72 2 8854
91 47 9544
89 74 6009
28 55 6247
82 99 4544
77 1 1462
95 6 2804
4 6 1037
64 4 7227
11 6 797
31 11 850
17 14 9589
76 94 865
20 76 603
45 85 1277
9 42 8312
34 91 338
67 87 6338
29 23 90
87 17 3865
72 60 2796
31 52 6941
71 13 6897
74 73 7099
61 31 2650
39 67 7033
45 94 9397
51 54 4346
5 78 8042
52 26 5387
79 3 1915
83 25 9254
81 30 4281
99 85 238
64 80 7420
12 43 764
64 17 2292
2 99 4527
91 12 1028
63 18 9381
92 76 2660
87 11 8315
54 6 1439
40 16 3984
72 35 7873
17 90 2774
87 48 5558
72 49 1707
30 77 3225
32 23 2307
11 36 3143
34 98 7655
29 94 2296
48 9 9518
27 60 6209
66 91 6609
55 4 8743
3 65 7745
12 13 4348
26 66 9787
96 95 6970
79 69 7017
19 91 7657
12 88 1649
17 53 2593
77 61 2602
90 48 5035
90 30 3347
63 12 2807
27 98 6039
40 55 6041
48 69 8879
58 8 3469
22 68 1363
39 75 7840
3 27 5644
55 63 7866
12 71 6386
68 72 7080
28 87 7356
94 23 688
73 20 1462
100 75 9000
75 77 6278
76 90 2204
23 52 3126
63 27 2351
2 96 3329
90 81 6719
83 20 4617
61 50 5227
30 18 3053
65 61 839
37 33 2008
8 30 398
36 57 1151
46 20 9847
64 95 382
1 44 432
41 32 9995
36 62 1133
33 64 8063
47 99 1340
60 78 6708
10 12 6400
94 100 5794
28 98 36
4 34 5738
1 65 6845
73 28 8076
69 87 8280
68 46 1158
63 33 5678
55 51 8807
97 39 5153
33 57 648
15 17 6730
42 75 6660
92 61 3152
62 3 708
60 1 3260
88 51 5105
72 64 1530
29 40 385
98 66 1254
66 95 9500
53 62 434
71 65 7124
16 98 540
25 2 4502
77 19 5534
17 55 269
42 43 1565
45 67 5726
52 9 2100
39 16 6476
46 75 9186
6 26 7678
77 36 7806
41 70 6191
85 54 9707
16 46 4230
62 64 9456
30 34 5936
70 86 787
31 18 3533
95 23 2273
40 56 9013
66 67 379
34 24 1815
36 74 5235
28 90 7695
19 45 2306
75 49 3801
77 73 5313
99 11 7815
72 14 249
97 68 4216
10 92 781
86 34 970
21 18 5862
58 94 7777
40 7 9464
9 49 7625
25 100 8621
55 95 809
32 54 8633
47 28 1641
20 58 9424
14 71 4691
2 13 8634
78 24 4992
70 14 5240
62 28 994
99 29 9195
3 83 7818
23 97 4589
99 40 1498
4 76 9480
93 43 474
44 59 1660
55 99 1115
93 96 9568
72 18 6801
88 72 663
7 99 4987
65 17 7195
35 27 7631
36 44 5259
52 28 7136
14 93 6965
78 76 5234
16 27 6266
36 87 5497
31 69 4194
71 7 2822
58 40 9139
53 29 6005
82 70 6971
63 24 8568
49 31 6222
59 61 9189
89 3 5995
64 91 8888
11 66 3662
65 20 674
7 97 4835
58 22 6804
41 64 8785
36 20 3887
89 56 4629
29 11 787
56 78 7356
6 40 7506
83 71 1498
62 94 5879
55 43 7332
92 54 1461
81 74 6085
50 58 1063
16 26 4015
21 29 4893
25 62 9273
33 27 4417
17 88 3020
60 58 398
76 35 6371
52 4 4246
5 79 4145
59 58 3660
98 73 6528
17 34 1073
64 52 7215
24 4 6827
32 73 9460
92 97 2227
33 67 6929
93 64 1735
32 37 9628
43 63 3810
98 44 2078
85 39 3879
51 67 9294
35 59 6770
39 95 9164
3 68 307
16 99 6668
35 97 8572
2 68 9736
93 90 7272
9 56 918
90 62 2224
39 3 1826
53 86 8175
35 85 4335
95 98 489
45 31 3130
46 41 200
38 13 3336
79 18 8904
65 42 5336
35 4 4048
12 55 2390
60 49 7975
30 17 1147
52 82 7907
29 37 30
93 76 678
2 30 3770
18 33 4948
40 25 1651
3 82 2655
98 52 4141
40 38 5448
45 33 5612
79 68 1068
6 44 8508
67 100 944
9 71 2500
59 73 8013
47 93 6417
70 21 5327
55 79 6372
40 14 2465
8 5 5444
32 16 9854
62 73 7823
68 12 9405
51 85 9864
59 39 5179
18 44 4036
9 95 9491
75 29 8223
33 61 9079
100 29 3962
52 85 9746
61 80 3566
52 76 1841
55 37 2704
11 91 6294
80 14 9728
13 92 6566
55 13 1846
49 64 3060
40 30 3341
60 91 376
57 34 6386
41 31 3688
64 74 9652
66 34 9809
80 43 6652
18 75 5523
19 17 485
90 69 5006
91 78 4619
29 66 8261
39 29 7375
83 21 2523
82 55 8879
84 70 4345
75 55 6307
27 4 2060
73 42 2180
72 54 3996
31 19 4589
55 61 6581
36 67 9002
65 7 394
91 30 5185
18 11 1549
50 87 1519
22 65 7461
8 43 7594
4 51 4596
83 30 7306
56 65 2588
97 93 6736
38 31 1785
17 96 2898
46 33 2284
14 18 6785
94 44 5020
61 48 8087
49 32 5948
74 98 2213
67 85 5344
7 94 8053
2 35 8994
12 21 2419
12 96 5653
90 51 5923
49 73 7447
92 73 1761
20 2 6005
30 39 440
52 49 1713
37 36 750
3 30 3862
12 35 5206
8 91 8673
3 6 4779
80 91 287
61 78 7266
6 69 1522
59 10 9386
33 90 4161
70 15 1749
8 74 1766
26 46 8610
12 70 7019
78 73 8506
19 59 260
5 52 511
31 94 3802
34 65 7953
72 50 3820
9 37 1007
80 42 1844
37 14 3987
35 99 6052
9 34 5021
31 92 9122
87 44 5496
55 27 821
26 62 2859
72 9 4892
45 41 7315
19 12 7485
53 30 9807
82 24 7755
69 29 1307
4 74 5606
59 79 9896
6 98 6330
95 89 634
8 44 12
76 65 1047
55 53 2803
69 14 3800
85 41 4666
86 72 1032
98 77 8092
5 35 5396
50 1 7118
63 10 2868
27 12 9900
42 28 3344
77 84 3425
62 6 5575
29 45 7751
64 20 8568
56 45 4454
94 83 5909
2 47 161
71 21 7343
80 5 2418
75 12 4430
80 17 770
54 19 7012
37 28 3405
97 67 7424
38 64 5843
46 11 1754
9 14 4575
65 78 9670
76 56 7952
25 47 1599
78 1 6022
76 69 5341
22 26 7678
43 19 8654
96 84 385
56 4 2751
12 44 5660
82 61 3942
54 63 5810
97 10 964
10 72 7346
33 26 1013
70 6 7151
97 63 8570
51 17 5943
36 8 9921
55 10 8564
12 14 3045
92 80 3589
29 13 4115
94 34 2008
5 13 3561
46 24 8579
38 24 8854
78 77 6499
17 35 8133
89 67 8900
3 26 4391
89 15 7136
41 40 5399
8 81 4194
76 41 1777
7 93 8210
30 46 9849
64 13 3820
33 55 1749
3 7 1148
32 99 8909
77 25 2037
30 22 3686
57 82 735
6 43 2722
86 89 1776
65 100 8808
41 25 203
64 14 4682
30 4 9466
69 35 3436
2 32 7835
10 70 6176
49 46 4991
15 41 5686
52 70 682
38 86 77
78 97 130
52 1 3057
9 89 8573
84 37 8471
56 16 7033
8 47 8227
93 52 4787
92 34 7696
20 33 3923
95 99 2747
29 22 4416
61 69 713
33 4 8592
22 55 8346
96 75 7493
84 12 3843
16 1 6992
83 99 4462
60 18 7778
96 10 3425
47 60 1652
100 57 2743
16 85 975
40 12 9120
21 5 5790
41 16 6402
100 31 8357
1 79 4934
89 8 5650
92 20 1143
68 16 9125
90 82 4262
36 49 8972
100 44 2651
23 68 2250
57 61 2889
52 55 2747
79 6 2851
91 90 6307
25 5 2628
44 15 3554
26 73 2775
51 66 1767
61 23 6760
85 87 4339
9 57 6341
53 26 5820
31 17 6294
58 73 6542
33 54 9225
44 24 5216
77 20 2310
3 10 9829
64 98 5488
21 74 4146
69 34 6312
98 82 5781
37 35 2805
31 87 3028
7 90 5722
22 72 1999
24 88 2409
7 59 2534
50 31 3988
3 74 7938
69 56 8908
31 86 3130
36 83 5558
6 80 8503
40 23 9512
32 43 8869
89 18 5044
57 28 5567
47 54 2795
29 2 214
36 6 9263
50 49 608
25 35 363
40 81 4559
1 96 9109
34 5 1215
76 49 5962
97 83 6300
7 55 3931
26 71 9898
30 45 9701
94 6 860
87 89 3459
10 57 8345
69 93 5
28 31 8004
84 62 8449
82 96 7917
32 79 3970
34 41 2515
17 6 78
18 5 9072
27 52 511
40 61 6287
49 34 7906
36 34 4348
45 9 1200
77 96 7832
83 31 1829
35 19 2206
92 43 5803
29 85 2565
38 16 9790
47 76 2373
91 21 5351
100 27 2856
26 60 5668
55 35 6100
59 80 5961
76 86 2808
78 7 5105
47 1 7822
32 50 3446
60 92 2897
50 43 3609
5 86 4833
36 100 8331
83 84 3809
75 57 1119
2 9 3303
76 55 4277
25 15 7383
81 53 4911
40 1 4787
96 71 3223
22 44 5504
29 6 258
54 88 7840
38 75 3298
92 96 5745
57 3 2687
23 69 2552
39 81 6674
46 79 6159
25 4 2425
35 70 7847
16 54 8281
2 8 6946
93 66 3705
1 29 7641
68 84 7476
6 81 3851
78 41 2150
52 7 5041
21 78 9153
79 25 740
50 41 3686
69 11 5623
22 14 5048
12 77 202
79 47 2610
89 1 654
44 75 1058
32 66 9200
2 83 1339
43 78 3567
75 90 4313
43 16 9123
26 96 4966
16 78 8457
14 55 6430
42 66 1212
93 40 5486
13 100 1030
72 90 9744
61 32 5067
18 19 6074
53 9 7636
68 73 5382
31 95 8065
62 70 9561
38 81 8307
6 52 9008
32 19 7006
11 92 6287
24 16 3563
23 87 2241
46 21 1958
67 21 9618
46 81 5078
100 89 2770
2 87 1674
53 35 1346
12 29 490
93 30 3168
100 46 4242
38 33 5027
42 12 6369
88 35 2247
69 16 6262
94 63 888
25 96 5304
95 71 4941
15 57 6420
61 39 5093
27 62 9244
63 7 5373
58 64 1235
13 16 3284
38 47 9059
29 51 5090
14 47 4202
31 2 804
19 23 641
67 56 2699
92 7 2561
53 13 7199
47 64 2937
81 51 8625
46 34 7494
81 19 1374
89 33 5346
49 88 9034
22 73 3718
55 81 7428
62 80 4660
100 9 2727
15 83 9999
64 85 1899
65 68 6892
21 15 1341
89 76 40
100 4 4164
26 83 751
86 75 7236
19 37 2775
15 81 7891
98 57 521
41 94 2267
41 43 1588
67 60 3048
9 19 7699
49 24 4256
100 68 3836
85 58 671
91 42 6586
31 70 936
49 89 8701
20 74 4798
57 86 1605
4 98 9669
11 71 2021
3 58 2361
81 9 1884
15 94 6890
63 50 3262
83 67 5365
99 92 7176
99 12 8862
13 28 2021
66 16 1144
12 79 5503
18 35 4185
37 76 4065
3 45 5433
65 27 2969
43 33 1144
80 46 2376
43 74 6740
82 17 6478
25 32 8996
94 68 683
53 46 9117
26 20 2518
4 31 8696
35 3 2058
9 74 1762
41 87 1108
90 74 4726
69 50 4950
13 11 2368
61 86 1804
28 40 7303
52 39 9946
34 80 2631
77 34 193
13 14 244
92 48 1716
37 83 2724
31 72 3743
76 96 3364
70 66 3019
68 1 3552
59 40 6576
98 58 5247
3 44 2353
65 99 6832
85 60 4766
89 75 8434
78 85 1914
63 88 8628
99 42 711
23 5 7678
100 21 8410
68 14 1954
45 52 142
93 1 3521
96 30 5948
17 95 1882
76 67 5359
50 67 4844
32 60 2589
93 8 8598
11 64 9830
58 96 3766
39 35 4654
96 31 1755
45 2 3316
71 48 2374
66 75 4031
