100 4950
16 15 10000
20 38 10000
70 44 10000
58 6 10000
55 40 10000
47 38 10000
55 91 10000
48 24 10000
21 91 10000
67 64 10000
83 16 10000
26 76 10000
82 78 10000
1 43 10000
1 8 10000
27 91 10000
43 26 10000
2 69 10000
17 70 10000
70 23 10000
66 37 10000
59 88 10000
99 22 10000
85 83 10000
54 21 10000
27 80 10000
10 2 10000
39 91 10000
81 30 10000
4 38 10000
47 6 10000
56 87 10000
12 35 10000
82 12 10000
64 82 10000
60 41 10000
1 53 10000
6 77 10000
66 82 10000
95 40 10000
90 27 10000
50 25 10000
85 79 10000
66 80 10000
42 99 10000
25 65 10000
89 90 10000
14 60 10000
33 60 10000
49 94 10000
95 25 10000
73 16 10000
93 27 10000
53 63 10000
16 68 10000
18 96 10000
13 91 10000
80 64 10000
21 38 10000
94 87 10000
31 91 10000
3 88 10000
73 77 10000
93 30 10000
50 90 10000
28 1 10000
60 80 10000
63 68 10000
20 80 10000
99 53 10000
11 70 10000
20 1 10000
59 14 10000
58 13 10000
70 71 10000
35 10 10000
95 85 10000
85 49 10000
93 76 10000
79 57 10000
98 23 10000
53 42 10000
86 25 10000
39 48 10000
76 92 10000
10 5 10000
71 84 10000
30 50 10000
80 90 10000
81 19 10000
16 6 10000
26 9 10000
50 68 10000
74 8 10000
40 49 10000
65 51 10000
65 63 10000
100 29 10000
11 32 10000
39 12 10000
45 40 10000
41 55 10000
10 82 10000
44 73 10000
99 95 10000
5 17 10000
32 60 10000
16 20 10000
12 86 10000
31 17 10000
95 30 10000
25 6 10000
29 86 10000
18 69 10000
83 23 10000
82 18 10000
19 97 10000
71 55 10000
66 74 10000
58 83 10000
23 28 10000
78 81 10000
26 74 10000
68 48 10000
50 43 10000
2 73 10000
46 7 10000
29 4 10000
85 55 10000
33 29 10000
94 35 10000
79 13 10000
39 100 10000
20 45 10000
72 31 10000
79 70 10000
71 86 10000
55 16 10000
74 78 10000
94 34 10000
59 24 10000
47 97 10000
61 50 10000
71 88 10000
6 70 10000
92 86 10000
20 77 10000
43 33 10000
70 68 10000
13 97 10000
70 78 10000
77 43 10000
6 31 10000
81 70 10000
51 66 10000
35 74 10000
74 85 10000
54 14 10000
24 68 10000
36 96 10000
74 30 10000
85 11 10000
11 48 10000
77 3 10000
40 70 10000
7 86 10000
60 38 10000
20 95 10000
9 19 10000
63 61 10000
80 42 10000
47 36 10000
60 62 10000
18 77 10000
46 5 10000
31 25 10000
35 77 10000
100 10 10000
33 26 10000
74 5 10000
59 78 10000
20 63 10000
53 20 10000
91 63 10000
62 91 10000
99 55 10000
72 6 10000
20 87 10000
64 36 10000
88 13 10000
85 62 10000
93 57 10000
57 32 10000
92 6 10000
54 12 10000
90 19 10000
38 18 10000
68 59 10000
2 32 10000
76 38 10000
81 69 10000
33 90 10000
44 71 10000
65 36 10000
91 88 10000
73 99 10000
30 41 10000
59 18 10000
18 33 10000
48 43 10000
98 19 10000
100 52 10000
2 95 10000
72 62 10000
76 63 10000
8 55 10000
18 75 10000
50 75 10000
90 65 10000
50 13 10000
75 7 10000
94 74 10000
34 13 10000
70 82 10000
25 96 10000
89 33 10000
46 23 10000
30 91 10000
24 81 10000
10 77 10000
63 93 10000
22 79 10000
48 75 10000
49 78 10000
10 72 10000
76 32 10000
49 37 10000
12 41 10000
64 78 10000
68 91 10000
62 83 10000
95 100 10000
29 87 10000
7 53 10000
57 82 10000
5 98 10000
3 72 10000
84 87 10000
73 89 10000
2 40 10000
64 7 10000
23 94 10000
93 35 10000
64 65 10000
74 98 10000
35 6 10000
86 83 10000
88 10 10000
30 98 10000
26 66 10000
72 99 10000
14 100 10000
62 13 10000
39 15 10000
85 64 10000
14 1 10000
40 36 10000
40 69 10000
77 78 10000
94 3 10000
72 32 10000
14 27 10000
27 5 10000
83 50 10000
6 65 10000
19 75 10000
83 51 10000
17 7 10000
95 45 10000
66 75 10000
100 53 10000
25 93 10000
99 93 10000
36 25 10000
79 29 10000
11 52 10000
75 59 10000
61 77 10000
65 54 10000
6 91 10000
63 46 10000
35 24 10000
31 64 10000
61 91 10000
44 68 10000
89 10 10000
99 69 10000
90 26 10000
20 99 10000
71 40 10000
52 10 10000
86 61 10000
76 59 10000
15 21 10000
51 74 10000
78 32 10000
55 23 10000
67 3 10000
87 88 10000
15 33 10000
25 81 10000
74 82 10000
56 36 10000
100 4 10000
53 25 10000
71 49 10000
75 82 10000
94 77 10000
8 44 10000
97 11 10000
22 55 10000
51 84 10000
71 83 10000
48 37 10000
38 24 10000
79 33 10000
29 92 10000
13 55 10000
7 38 10000
9 82 10000
11 29 10000
47 16 10000
31 92 10000
77 30 10000
96 9 10000
89 28 10000
24 77 10000
52 86 10000
75 16 10000
7 49 10000
94 53 10000
91 48 10000
8 42 10000
41 89 10000
10 60 10000
34 67 10000
8 98 10000
11 55 10000
20 14 10000
43 64 10000
98 6 10000
21 16 10000
64 63 10000
72 15 10000
25 9 10000
15 1 10000
41 24 10000
99 43 10000
79 21 10000
48 66 10000
40 89 10000
96 80 10000
5 59 10000
79 67 10000
65 72 10000
22 68 10000
88 33 10000
3 2 10000
69 53 10000
73 40 10000
100 24 10000
42 26 10000
12 36 10000
6 24 10000
18 92 10000
7 15 10000
27 95 10000
44 38 10000
4 78 10000
28 73 10000
93 100 10000
76 22 10000
94 39 10000
32 9 10000
95 37 10000
64 44 10000
44 30 10000
58 24 10000
87 91 10000
92 45 10000
96 38 10000
57 66 10000
76 72 10000
38 61 10000
13 19 10000
100 96 10000
92 42 10000
19 86 10000
47 29 10000
89 74 10000
65 96 10000
12 25 10000
23 96 10000
100 7 10000
43 7 10000
87 23 10000
13 56 10000
57 75 10000
67 8 10000
49 62 10000
50 71 10000
7 79 10000
28 42 10000
39 50 10000
68 8 10000
32 98 10000
28 65 10000
52 34 10000
8 31 10000
25 11 10000
55 67 10000
32 42 10000
81 15 10000
3 68 10000
83 90 10000
15 13 10000
14 80 10000
88 89 10000
72 88 10000
23 61 10000
41 85 10000
91 81 10000
38 77 10000
35 26 10000
37 62 10000
66 100 10000
93 60 10000
11 72 10000
82 61 10000
100 82 10000
28 55 10000
64 38 10000
34 30 10000
19 36 10000
16 32 10000
11 13 10000
48 9 10000
46 11 10000
36 60 10000
20 68 10000
34 99 10000
29 54 10000
93 10 10000
14 28 10000
87 71 10000
69 93 10000
27 24 10000
68 94 10000
73 30 10000
98 99 10000
63 45 10000
41 69 10000
82 11 10000
41 28 10000
58 56 10000
2 48 10000
66 39 10000
85 1 10000
9 71 10000
43 72 10000
11 67 10000
80 40 10000
59 79 10000
43 63 10000
3 93 10000
53 47 10000
89 6 10000
65 37 10000
37 17 10000
76 40 10000
30 31 10000
27 30 10000
49 39 10000
65 81 10000
33 99 10000
78 52 10000
84 12 10000
56 24 10000
19 54 10000
21 6 10000
84 65 10000
3 75 10000
99 65 10000
25 69 10000
90 76 10000
57 91 10000
28 77 10000
31 39 10000
72 37 10000
50 87 10000
92 96 10000
45 88 10000
38 72 10000
22 52 10000
21 96 10000
86 46 10000
18 83 10000
77 91 10000
72 42 10000
98 47 10000
52 54 10000
19 57 10000
85 90 10000
40 82 10000
11 23 10000
15 26 10000
59 3 10000
81 42 10000
8 71 10000
62 53 10000
95 67 10000
46 88 10000
61 3 10000
43 22 10000
63 59 10000
82 55 10000
43 35 10000
50 34 10000
100 92 10000
47 5 10000
93 44 10000
56 59 10000
95 61 10000
1 12 10000
51 94 10000
34 76 10000
32 37 10000
78 2 10000
31 15 10000
68 62 10000
41 53 10000
37 80 10000
56 75 10000
14 31 10000
93 14 10000
7 24 10000
36 29 10000
92 15 10000
61 88 10000
90 63 10000
70 4 10000
70 41 10000
65 13 10000
10 40 10000
85 37 10000
14 42 10000
56 23 10000
24 97 10000
58 29 10000
72 34 10000
17 44 10000
35 80 10000
26 60 10000
53 55 10000
68 78 10000
53 95 10000
26 96 10000
51 55 10000
23 90 10000
26 7 10000
69 38 10000
14 97 10000
34 42 10000
47 44 10000
52 71 10000
66 98 10000
12 63 10000
34 5 10000
8 78 10000
15 6 10000
13 30 10000
24 10 10000
64 68 10000
63 74 10000
44 91 10000
23 8 10000
14 34 10000
79 55 10000
6 59 10000
15 83 10000
66 81 10000
86 87 10000
29 48 10000
8 49 10000
20 13 10000
29 19 10000
53 84 10000
13 70 10000
52 93 10000
100 57 10000
60 45 10000
3 71 10000
100 45 10000
75 15 10000
39 95 10000
9 43 10000
22 42 10000
97 76 10000
20 94 10000
24 64 10000
86 70 10000
35 59 10000
8 60 10000
37 23 10000
49 36 10000
65 8 10000
36 66 10000
12 19 10000
89 22 10000
80 25 10000
76 62 10000
21 69 10000
88 6 10000
3 24 10000
56 70 10000
32 24 10000
15 11 10000
81 85 10000
43 100 10000
9 59 10000
72 94 10000
6 39 10000
85 54 10000
21 92 10000
34 59 10000
30 92 10000
74 83 10000
72 49 10000
53 46 10000
77 13 10000
27 12 10000
84 85 10000
17 71 10000
5 6 10000
73 23 10000
27 62 10000
11 9 10000
32 87 10000
61 65 10000
49 55 10000
96 83 10000
93 68 10000
37 61 10000
57 73 10000
59 15 10000
37 83 10000
23 51 10000
93 88 10000
99 64 10000
51 73 10000
27 66 10000
78 66 10000
3 44 10000
49 97 10000
8 82 10000
6 60 10000
16 54 10000
49 42 10000
65 48 10000
96 5 10000
12 40 10000
54 15 10000
40 7 10000
47 91 10000
49 13 10000
68 67 10000
32 95 10000
89 30 10000
42 17 10000
43 13 10000
83 64 10000
48 99 10000
31 44 10000
20 18 10000
29 26 10000
97 62 10000
94 31 10000
13 84 10000
62 54 10000
15 66 10000
41 99 10000
4 8 10000
90 52 10000
34 41 10000
18 31 10000
66 33 10000
56 95 10000
54 86 10000
33 64 10000
98 37 10000
9 86 10000
91 56 10000
54 34 10000
29 85 10000
69 48 10000
10 64 10000
54 46 10000
24 12 10000
92 58 10000
58 70 10000
29 21 10000
74 6 10000
92 22 10000
18 34 10000
18 19 10000
23 77 10000
47 48 10000
63 39 10000
12 78 10000
52 33 10000
26 8 10000
12 60 10000
25 64 10000
68 43 10000
56 8 10000
40 14 10000
8 16 10000
45 77 10000
13 92 10000
87 65 10000
6 45 10000
32 74 10000
68 85 10000
95 5 10000
41 9 10000
78 23 10000
27 100 10000
75 20 10000
28 19 10000
2 27 10000
26 45 10000
67 80 10000
83 24 10000
25 49 10000
55 5 10000
10 58 10000
84 49 10000
43 6 10000
56 72 10000
42 48 10000
34 4 10000
90 78 10000
64 16 10000
13 28 10000
25 94 10000
83 59 10000
24 88 10000
21 23 10000
16 17 10000
46 40 10000
1 87 10000
67 54 10000
77 57 10000
36 20 10000
2 94 10000
12 92 10000
48 1 10000
14 18 10000
2 18 10000
92 23 10000
75 92 10000
26 61 10000
7 33 10000
22 44 10000
54 98 10000
57 53 10000
99 54 10000
46 16 10000
89 67 10000
36 74 10000
32 18 10000
94 64 10000
31 78 10000
34 77 10000
30 39 10000
4 81 10000
57 52 10000
36 67 10000
44 5 10000
57 35 10000
81 1 10000
50 57 10000
70 77 10000
92 55 10000
76 10 10000
84 60 10000
68 18 10000
81 100 10000
65 31 10000
50 100 10000
1 29 10000
38 26 10000
19 85 10000
54 38 10000
6 13 10000
92 50 10000
4 40 10000
75 80 10000
95 76 10000
87 7 10000
84 30 10000
50 31 10000
96 54 10000
24 50 10000
43 87 10000
53 64 10000
63 22 10000
9 75 10000
59 33 10000
26 71 10000
51 70 10000
48 55 10000
26 85 10000
48 30 10000
1 50 10000
63 18 10000
98 12 10000
49 91 10000
30 66 10000
12 83 10000
47 96 10000
92 73 10000
61 87 10000
29 15 10000
17 33 10000
15 56 10000
16 93 10000
22 65 10000
50 48 10000
65 9 10000
13 80 10000
63 69 10000
53 61 10000
18 23 10000
4 19 10000
46 6 10000
73 14 10000
60 88 10000
50 44 10000
10 19 10000
14 95 10000
95 12 10000
60 69 10000
56 26 10000
95 82 10000
14 2 10000
94 75 10000
42 40 10000
24 13 10000
54 40 10000
80 58 10000
53 88 10000
71 58 10000
14 35 10000
51 90 10000
98 29 10000
3 60 10000
58 40 10000
39 36 10000
86 73 10000
25 48 10000
95 1 10000
50 45 10000
22 80 10000
75 32 10000
5 79 10000
28 36 10000
80 32 10000
80 79 10000
94 65 10000
51 16 10000
53 16 10000
87 25 10000
85 4 10000
15 53 10000
73 33 10000
25 4 10000
34 60 10000
96 41 10000
46 73 10000
64 20 10000
91 72 10000
13 22 10000
42 24 10000
42 74 10000
83 95 10000
89 78 10000
17 61 10000
43 21 10000
8 43 10000
28 33 10000
16 24 10000
89 13 10000
92 36 10000
92 51 10000
92 81 10000
45 67 10000
18 44 10000
73 79 10000
68 5 10000
25 20 10000
27 18 10000
72 17 10000
67 13 10000
68 25 10000
46 93 10000
33 91 10000
59 2 10000
81 37 10000
42 7 10000
86 31 10000
22 29 10000
58 76 10000
59 60 10000
27 55 10000
60 29 10000
20 41 10000
4 10 10000
47 84 10000
35 32 10000
98 87 10000
4 9 10000
57 74 10000
33 14 10000
68 37 10000
86 94 10000
71 59 10000
86 80 10000
51 38 10000
42 23 10000
98 73 10000
91 32 10000
4 58 10000
99 83 10000
35 73 10000
70 66 10000
91 60 10000
65 53 10000
97 52 10000
82 62 10000
78 57 10000
65 76 10000
58 90 10000
95 93 10000
12 42 10000
20 92 10000
16 39 10000
88 65 10000
32 93 10000
25 46 10000
26 34 10000
33 40 10000
46 35 10000
98 79 10000
1 80 10000
60 72 10000
62 14 10000
95 6 10000
27 58 10000
100 75 10000
26 91 10000
97 86 10000
49 41 10000
1 91 10000
95 86 10000
53 56 10000
16 60 10000
77 41 10000
86 41 10000
67 78 10000
54 48 10000
64 27 10000
61 49 10000
95 26 10000
52 47 10000
55 1 10000
41 88 10000
92 84 10000
36 55 10000
39 43 10000
24 28 10000
87 57 10000
29 67 10000
40 87 10000
48 26 10000
35 18 10000
37 97 10000
82 68 10000
66 25 10000
47 79 10000
66 18 10000
76 37 10000
40 25 10000
14 68 10000
12 13 10000
77 75 10000
90 9 10000
29 73 10000
27 42 10000
60 17 10000
76 86 10000
79 37 10000
67 47 10000
8 32 10000
35 44 10000
50 8 10000
74 37 10000
90 2 10000
76 23 10000
76 45 10000
13 96 10000
59 46 10000
26 99 10000
36 46 10000
18 54 10000
9 60 10000
11 28 10000
24 82 10000
88 86 10000
34 68 10000
78 36 10000
93 11 10000
45 65 10000
67 84 10000
94 10 10000
98 44 10000
79 89 10000
18 24 10000
45 54 10000
3 66 10000
53 60 10000
43 52 10000
11 44 10000
85 50 10000
41 72 10000
31 27 10000
32 99 10000
73 76 10000
78 11 10000
20 9 10000
54 39 10000
20 46 10000
53 17 10000
7 5 10000
52 67 10000
15 46 10000
30 15 10000
88 73 10000
39 85 10000
87 38 10000
60 58 10000
66 64 10000
89 46 10000
24 79 10000
10 53 10000
2 79 10000
17 100 10000
62 93 10000
9 3 10000
74 45 10000
39 99 10000
41 13 10000
83 47 10000
7 55 10000
52 70 10000
79 31 10000
18 62 10000
68 52 10000
62 9 10000
29 66 10000
10 36 10000
73 71 10000
68 38 10000
35 87 10000
94 99 10000
98 59 10000
87 66 10000
39 59 10000
27 57 10000
53 2 10000
5 13 10000
93 39 10000
99 21 10000
79 46 10000
73 48 10000
60 1 10000
67 94 10000
86 39 10000
72 66 10000
38 35 10000
94 45 10000
9 50 10000
60 70 10000
2 96 10000
63 35 10000
26 79 10000
58 7 10000
17 27 10000
83 77 10000
28 40 10000
59 27 10000
12 55 10000
62 7 10000
73 24 10000
36 57 10000
42 36 10000
83 14 10000
16 58 10000
5 31 10000
78 16 10000
51 32 10000
51 67 10000
52 38 10000
86 77 10000
21 81 10000
44 19 10000
87 51 10000
82 33 10000
87 73 10000
22 30 10000
49 50 10000
56 88 10000
9 78 10000
99 68 10000
68 53 10000
12 75 10000
94 97 10000
93 73 10000
76 46 10000
81 26 10000
46 34 10000
63 29 10000
11 69 10000
50 46 10000
21 44 10000
36 43 10000
63 55 10000
53 70 10000
62 98 10000
84 50 10000
52 91 10000
17 59 10000
64 75 10000
11 30 10000
36 8 10000
32 82 10000
92 4 10000
69 51 10000
73 8 10000
99 31 10000
28 76 10000
58 65 10000
22 98 10000
27 41 10000
12 21 10000
11 100 10000
97 30 10000
6 63 10000
12 64 10000
35 28 10000
72 5 10000
9 73 10000
21 78 10000
40 100 10000
85 23 10000
48 59 10000
33 11 10000
29 18 10000
18 98 10000
77 63 10000
18 74 10000
94 5 10000
41 45 10000
72 87 10000
53 29 10000
28 7 10000
69 62 10000
30 8 10000
56 7 10000
80 47 10000
9 63 10000
41 100 10000
97 9 10000
98 33 10000
98 49 10000
72 40 10000
45 31 10000
69 90 10000
99 2 10000
63 4 10000
78 86 10000
82 63 10000
33 41 10000
20 70 10000
70 75 10000
25 3 10000
17 89 10000
82 87 10000
45 33 10000
1 38 10000
83 69 10000
46 65 10000
16 74 10000
92 88 10000
58 99 10000
85 80 10000
51 21 10000
46 58 10000
23 13 10000
25 70 10000
68 97 10000
27 28 10000
60 100 10000
6 52 10000
30 37 10000
55 4 10000
33 35 10000
82 94 10000
16 71 10000
11 40 10000
88 90 10000
90 100 10000
31 37 10000
50 95 10000
6 1 10000
77 97 10000
46 43 10000
97 21 10000
43 4 10000
57 20 10000
70 36 10000
80 92 10000
84 89 10000
76 42 10000
64 29 10000
81 84 10000
58 66 10000
81 29 10000
36 76 10000
93 29 10000
99 36 10000
8 96 10000
24 70 10000
51 91 10000
23 30 10000
13 48 10000
12 6 10000
38 78 10000
77 22 10000
11 7 10000
44 6 10000
2 47 10000
47 92 10000
43 81 10000
20 8 10000
49 65 10000
22 66 10000
39 58 10000
24 37 10000
72 73 10000
78 3 10000
30 10 10000
61 10 10000
92 61 10000
59 62 10000
98 28 10000
82 2 10000
20 83 10000
73 19 10000
55 81 10000
39 82 10000
64 18 10000
12 99 10000
35 81 10000
21 45 10000
62 20 10000
11 99 10000
59 97 10000
85 40 10000
64 73 10000
37 84 10000
41 73 10000
82 37 10000
22 93 10000
19 70 10000
95 24 10000
37 58 10000
84 25 10000
97 35 10000
42 57 10000
18 25 10000
3 51 10000
50 81 10000
15 2 10000
72 97 10000
99 37 10000
49 18 10000
54 2 10000
13 9 10000
80 82 10000
79 53 10000
90 93 10000
18 55 10000
24 26 10000
32 48 10000
55 50 10000
2 9 10000
98 82 10000
12 14 10000
39 80 10000
25 73 10000
17 38 10000
22 4 10000
46 52 10000
65 42 10000
46 4 10000
61 6 10000
30 80 10000
75 47 10000
72 2 10000
79 38 10000
16 37 10000
27 69 10000
5 19 10000
40 41 10000
38 3 10000
12 89 10000
57 22 10000
82 49 10000
90 1 10000
5 4 10000
12 81 10000
40 62 10000
28 60 10000
13 42 10000
84 70 10000
67 93 10000
48 16 10000
14 53 10000
94 76 10000
26 80 10000
28 43 10000
79 54 10000
12 88 10000
18 13 10000
57 29 10000
86 40 10000
56 92 10000
50 21 10000
88 16 10000
34 70 10000
61 2 10000
76 53 10000
81 97 10000
56 82 10000
31 76 10000
11 53 10000
14 41 10000
96 89 10000
88 55 10000
7 57 10000
46 91 10000
9 15 10000
82 14 10000
8 14 10000
75 10 10000
29 12 10000
22 86 10000
7 97 10000
9 14 10000
80 71 10000
78 35 10000
80 91 10000
35 47 10000
3 95 10000
54 3 10000
47 22 10000
9 72 10000
98 52 10000
66 12 10000
1 56 10000
57 60 10000
46 75 10000
27 53 10000
24 60 10000
42 21 10000
94 22 10000
48 12 10000
57 95 10000
44 61 10000
61 64 10000
83 13 10000
17 26 10000
87 75 10000
10 83 10000
31 42 10000
46 45 10000
59 41 10000
92 79 10000
55 75 10000
80 12 10000
51 18 10000
20 61 10000
83 76 10000
12 43 10000
52 79 10000
69 35 10000
15 84 10000
37 56 10000
64 34 10000
5 11 10000
85 88 10000
32 50 10000
42 56 10000
99 23 10000
41 22 10000
6 93 10000
75 42 10000
98 21 10000
51 11 10000
16 56 10000
56 21 10000
18 58 10000
2 83 10000
91 37 10000
83 30 10000
62 87 10000
76 75 10000
26 3 10000
40 64 10000
34 1 10000
81 73 10000
69 15 10000
75 25 10000
71 30 10000
29 38 10000
48 92 10000
72 70 10000
14 63 10000
37 9 10000
78 88 10000
64 8 10000
34 21 10000
12 65 10000
1 3 10000
75 11 10000
70 64 10000
28 34 10000
77 53 10000
40 15 10000
86 24 10000
75 43 10000
58 1 10000
66 34 10000
72 28 10000
52 3 10000
45 7 10000
57 5 10000
50 47 10000
15 63 10000
16 66 10000
81 87 10000
25 90 10000
9 74 10000
4 6 10000
70 21 10000
96 50 10000
41 66 10000
10 56 10000
75 79 10000
78 44 10000
7 69 10000
36 79 10000
86 91 10000
3 18 10000
47 89 10000
86 62 10000
78 53 10000
94 29 10000
28 38 10000
39 14 10000
61 52 10000
68 88 10000
88 21 10000
17 62 10000
85 22 10000
42 51 10000
81 3 10000
65 83 10000
91 90 10000
99 1 10000
50 94 10000
39 28 10000
66 14 10000
37 6 10000
82 96 10000
49 90 10000
25 17 10000
4 51 10000
46 8 10000
8 2 10000
49 92 10000
46 68 10000
27 70 10000
28 9 10000
68 17 10000
9 5 10000
34 96 10000
93 66 10000
99 35 10000
65 1 10000
93 2 10000
14 24 10000
36 17 10000
71 47 10000
43 56 10000
37 26 10000
38 92 10000
97 33 10000
44 26 10000
38 85 10000
1 17 10000
59 8 10000
53 40 10000
47 57 10000
23 32 10000
77 84 10000
64 35 10000
81 22 10000
17 28 10000
35 9 10000
54 61 10000
74 60 10000
90 14 10000
7 91 10000
32 71 10000
20 22 10000
15 65 10000
95 29 10000
31 93 10000
51 7 10000
68 47 10000
100 26 10000
92 95 10000
27 9 10000
98 16 10000
6 76 10000
9 18 10000
47 60 10000
9 34 10000
9 93 10000
10 15 10000
89 81 10000
24 92 10000
54 27 10000
58 93 10000
100 13 10000
14 46 10000
14 13 10000
24 69 10000
47 3 10000
53 5 10000
84 100 10000
54 72 10000
15 99 10000
74 90 10000
53 37 10000
35 13 10000
87 15 10000
3 97 10000
74 92 10000
32 63 10000
76 81 10000
3 74 10000
8 33 10000
25 89 10000
23 17 10000
49 70 10000
37 3 10000
47 19 10000
21 31 10000
41 35 10000
96 94 10000
98 15 10000
1 100 10000
76 24 10000
84 98 10000
75 23 10000
60 67 10000
83 66 10000
37 50 10000
48 95 10000
14 87 10000
46 90 10000
89 93 10000
26 59 10000
76 17 10000
90 62 10000
90 17 10000
59 64 10000
4 41 10000
6 69 10000
97 6 10000
46 64 10000
94 78 10000
36 87 10000
24 21 10000
59 28 10000
21 59 10000
38 41 10000
47 40 10000
28 78 10000
95 16 10000
77 95 10000
45 99 10000
18 97 10000
81 96 10000
83 27 10000
90 82 10000
51 9 10000
58 87 10000
47 59 10000
52 16 10000
44 99 10000
66 13 10000
8 51 10000
65 20 10000
6 18 10000
47 58 10000
29 14 10000
76 8 10000
63 75 10000
45 85 10000
88 34 10000
50 79 10000
17 21 10000
9 55 10000
94 1 10000
54 59 10000
34 33 10000
59 50 10000
65 40 10000
97 8 10000
89 15 10000
10 65 10000
79 35 10000
42 77 10000
54 83 10000
10 16 10000
94 8 10000
39 71 10000
86 14 10000
79 51 10000
73 32 10000
63 100 10000
11 50 10000
39 33 10000
37 18 10000
18 30 10000
23 39 10000
20 100 10000
48 19 10000
2 62 10000
63 60 10000
62 28 10000
6 36 10000
10 21 10000
96 68 10000
31 69 10000
17 20 10000
19 39 10000
51 57 10000
31 97 10000
56 47 10000
60 35 10000
2 87 10000
71 38 10000
18 76 10000
23 33 10000
23 38 10000
4 15 10000
31 88 10000
84 66 10000
96 35 10000
70 61 10000
35 83 10000
71 37 10000
25 88 10000
16 69 10000
93 15 10000
55 65 10000
43 47 10000
2 65 10000
94 30 10000
66 96 10000
35 98 10000
91 64 10000
6 42 10000
1 2 10000
44 33 10000
36 37 10000
65 77 10000
87 60 10000
95 98 10000
87 53 10000
79 93 10000
24 63 10000
86 13 10000
48 28 10000
62 74 10000
82 43 10000
50 66 10000
44 23 10000
70 96 10000
57 17 10000
84 21 10000
17 98 10000
32 46 10000
3 28 10000
13 73 10000
97 78 10000
11 8 10000
47 20 10000
12 70 10000
17 88 10000
98 64 10000
97 64 10000
63 1 10000
85 66 10000
52 44 10000
97 38 10000
21 90 10000
9 81 10000
54 1 10000
29 30 10000
55 6 10000
68 27 10000
9 58 10000
36 83 10000
5 37 10000
19 87 10000
85 16 10000
77 8 10000
58 100 10000
84 46 10000
42 100 10000
63 54 10000
66 59 10000
71 1 10000
19 11 10000
22 59 10000
57 6 10000
86 51 10000
65 91 10000
48 83 10000
35 45 10000
73 11 10000
10 70 10000
100 72 10000
4 80 10000
64 1 10000
81 41 10000
20 32 10000
29 9 10000
76 74 10000
62 32 10000
59 91 10000
55 78 10000
31 83 10000
38 88 10000
7 80 10000
70 97 10000
42 73 10000
45 11 10000
67 83 10000
23 91 10000
99 18 10000
46 22 10000
35 36 10000
91 28 10000
55 46 10000
35 71 10000
40 24 10000
37 45 10000
32 53 10000
75 91 10000
92 71 10000
40 1 10000
44 75 10000
94 55 10000
30 54 10000
86 33 10000
9 84 10000
75 33 10000
18 45 10000
78 24 10000
72 46 10000
18 4 10000
52 56 10000
33 9 10000
92 1 10000
96 11 10000
71 82 10000
22 72 10000
85 5 10000
22 6 10000
1 82 10000
47 100 10000
20 19 10000
15 45 10000
65 98 10000
76 44 10000
39 60 10000
72 23 10000
44 14 10000
31 36 10000
60 54 10000
36 59 10000
46 29 10000
28 49 10000
44 65 10000
27 8 10000
70 55 10000
4 57 10000
79 4 10000
83 11 10000
97 50 10000
11 62 10000
33 58 10000
75 72 10000
23 49 10000
97 74 10000
85 69 10000
95 88 10000
93 38 10000
61 58 10000
5 92 10000
47 30 10000
92 60 10000
88 58 10000
6 28 10000
27 44 10000
11 37 10000
55 43 10000
59 30 10000
62 48 10000
4 99 10000
45 80 10000
71 2 10000
5 39 10000
8 93 10000
63 30 10000
45 17 10000
21 65 10000
98 78 10000
42 98 10000
3 70 10000
23 47 10000
74 84 10000
12 59 10000
51 100 10000
48 60 10000
89 14 10000
85 75 10000
63 19 10000
37 55 10000
19 21 10000
65 66 10000
38 48 10000
67 10 10000
23 74 10000
10 39 10000
14 48 10000
46 74 10000
63 13 10000
53 30 10000
75 97 10000
75 22 10000
89 44 10000
84 27 10000
98 93 10000
94 26 10000
38 53 10000
95 94 10000
69 1 10000
100 62 10000
76 68 10000
29 80 10000
90 44 10000
16 40 10000
39 79 10000
13 16 10000
4 1 10000
22 38 10000
2 36 10000
96 3 10000
26 18 10000
36 86 10000
14 17 10000
53 49 10000
57 72 10000
27 20 10000
38 95 10000
29 17 10000
95 60 10000
41 15 10000
56 85 10000
81 45 10000
59 80 10000
35 23 10000
50 51 10000
63 44 10000
11 91 10000
29 89 10000
20 74 10000
30 28 10000
17 47 10000
90 43 10000
19 79 10000
46 37 10000
94 80 10000
21 11 10000
24 72 10000
75 30 10000
3 86 10000
62 96 10000
24 46 10000
24 45 10000
73 49 10000
100 37 10000
67 4 10000
70 45 10000
60 31 10000
32 6 10000
88 36 10000
92 67 10000
53 67 10000
80 72 10000
80 31 10000
19 15 10000
23 58 10000
58 2 10000
40 75 10000
80 34 10000
56 67 10000
64 48 10000
49 34 10000
99 76 10000
9 40 10000
99 59 10000
66 86 10000
74 22 10000
81 28 10000
88 20 10000
83 21 10000
43 34 10000
59 37 10000
56 30 10000
45 14 10000
49 88 10000
28 66 10000
94 14 10000
93 40 10000
9 95 10000
95 74 10000
84 48 10000
50 35 10000
24 33 10000
5 25 10000
33 93 10000
43 73 10000
58 28 10000
42 62 10000
40 81 10000
51 26 10000
69 89 10000
22 37 10000
75 39 10000
12 17 10000
15 51 10000
85 93 10000
95 72 10000
56 54 10000
73 58 10000
96 86 10000
12 57 10000
84 94 10000
71 100 10000
77 56 10000
53 74 10000
32 49 10000
74 72 10000
47 11 10000
63 49 10000
14 74 10000
65 85 10000
2 77 10000
61 94 10000
22 27 10000
52 2 10000
87 13 10000
92 89 10000
71 11 10000
66 4 10000
55 2 10000
84 26 10000
34 98 10000
81 8 10000
38 46 10000
80 52 10000
27 56 10000
39 51 10000
36 72 10000
55 54 10000
69 71 10000
73 66 10000
17 95 10000
89 100 10000
23 5 10000
74 28 10000
99 24 10000
2 11 10000
75 99 10000
64 88 10000
11 86 10000
79 6 10000
100 9 10000
44 40 10000
50 63 10000
19 24 10000
62 19 10000
44 82 10000
24 44 10000
18 80 10000
59 7 10000
51 6 10000
55 86 10000
25 38 10000
22 34 10000
65 4 10000
77 16 10000
72 64 10000
18 46 10000
30 36 10000
7 27 10000
24 93 10000
48 4 10000
64 77 10000
67 70 10000
26 32 10000
73 27 10000
53 73 10000
72 30 10000
45 87 10000
22 5 10000
5 50 10000
3 84 10000
18 40 10000
29 61 10000
38 45 10000
51 27 10000
57 23 10000
67 65 10000
71 77 10000
32 4 10000
31 49 10000
47 87 10000
100 38 10000
21 52 10000
33 36 10000
37 60 10000
32 31 10000
2 68 10000
89 61 10000
68 60 10000
82 97 10000
97 28 10000
90 38 10000
97 45 10000
66 76 10000
17 80 10000
59 13 10000
65 7 10000
63 51 10000
49 15 10000
43 25 10000
84 93 10000
92 39 10000
87 55 10000
33 92 10000
18 65 10000
5 48 10000
58 25 10000
69 74 10000
81 64 10000
32 41 10000
71 41 10000
82 22 10000
83 68 10000
61 62 10000
88 63 10000
44 67 10000
51 1 10000
82 73 10000
40 20 10000
96 57 10000
34 100 10000
31 12 10000
59 19 10000
2 26 10000
99 51 10000
96 58 10000
84 83 10000
87 17 10000
28 54 10000
100 56 10000
10 73 10000
11 63 10000
60 22 10000
37 10 10000
36 11 10000
25 21 10000
7 74 10000
91 35 10000
82 58 10000
68 29 10000
78 22 10000
47 55 10000
52 19 10000
78 62 10000
7 52 10000
43 57 10000
11 20 10000
99 66 10000
67 57 10000
83 45 10000
13 64 10000
39 72 10000
29 72 10000
27 61 10000
16 1 10000
75 95 10000
67 41 10000
27 47 10000
70 16 10000
52 27 10000
15 68 10000
94 52 10000
59 4 10000
3 42 10000
90 87 10000
39 57 10000
76 14 10000
52 59 10000
94 7 10000
65 26 10000
85 82 10000
24 96 10000
26 92 10000
69 42 10000
17 79 10000
62 55 10000
69 75 10000
66 92 10000
42 20 10000
60 11 10000
44 20 10000
41 3 10000
11 17 10000
66 5 10000
68 81 10000
2 21 10000
63 84 10000
82 15 10000
93 43 10000
34 57 10000
7 85 10000
88 18 10000
73 45 10000
40 3 10000
8 85 10000
77 11 10000
61 14 10000
22 1 10000
57 33 10000
92 11 10000
21 30 10000
28 67 10000
81 51 10000
15 8 10000
13 98 10000
45 59 10000
15 27 10000
7 76 10000
65 97 10000
33 51 10000
90 70 10000
94 46 10000
79 99 10000
23 7 10000
71 72 10000
57 48 10000
23 25 10000
69 46 10000
68 79 10000
99 78 10000
88 30 10000
29 96 10000
59 38 10000
73 68 10000
85 46 10000
46 57 10000
80 28 10000
67 30 10000
56 93 10000
18 94 10000
98 86 10000
99 67 10000
63 48 10000
5 1 10000
62 58 10000
64 15 10000
43 86 10000
88 66 10000
68 33 10000
54 11 10000
67 9 10000
29 50 10000
45 1 10000
20 28 10000
95 87 10000
60 52 10000
17 73 10000
89 71 10000
99 70 10000
12 91 10000
66 62 10000
86 21 10000
46 17 10000
81 20 10000
54 24 10000
9 52 10000
40 79 10000
92 98 10000
90 37 10000
22 25 10000
37 41 10000
45 53 10000
61 32 10000
43 69 10000
74 21 10000
6 73 10000
2 39 10000
98 53 10000
83 78 10000
35 66 10000
58 94 10000
3 5 10000
7 10 10000
17 49 10000
28 75 10000
13 21 10000
29 13 10000
67 81 10000
51 5 10000
51 59 10000
33 3 10000
69 65 10000
52 30 10000
16 57 10000
56 32 10000
99 19 10000
60 27 10000
26 82 10000
90 5 10000
2 30 10000
77 33 10000
81 75 10000
92 7 10000
13 1 10000
17 84 10000
47 74 10000
40 68 10000
98 56 10000
16 84 10000
77 17 10000
1 93 10000
42 46 10000
76 64 10000
7 19 10000
55 31 10000
94 21 10000
35 3 10000
71 62 10000
70 54 10000
63 92 10000
8 7 10000
16 44 10000
96 69 10000
2 64 10000
91 54 10000
4 56 10000
75 31 10000
95 41 10000
85 28 10000
82 59 10000
60 5 10000
13 17 10000
72 18 10000
27 19 10000
19 26 10000
64 32 10000
12 79 10000
82 41 10000
53 24 10000
26 14 10000
23 22 10000
100 16 10000
6 53 10000
96 91 10000
53 80 10000
22 90 10000
51 2 10000
76 71 10000
8 90 10000
98 41 10000
15 73 10000
97 57 10000
33 20 10000
57 21 10000
88 54 10000
59 42 10000
77 93 10000
78 48 10000
34 56 10000
16 94 10000
97 26 10000
35 54 10000
70 8 10000
79 11 10000
30 5 10000
97 42 10000
52 40 10000
29 16 10000
23 45 10000
35 92 10000
65 68 10000
47 94 10000
7 61 10000
7 39 10000
100 19 10000
72 85 10000
12 62 10000
20 76 10000
28 51 10000
21 48 10000
75 36 10000
25 55 10000
80 44 10000
21 41 10000
39 65 10000
42 5 10000
60 2 10000
68 77 10000
55 76 10000
97 88 10000
48 34 10000
12 28 10000
69 32 10000
3 4 10000
80 9 10000
69 98 10000
80 70 10000
44 85 10000
98 26 10000
39 18 10000
10 74 10000
38 11 10000
85 77 10000
18 61 10000
22 50 10000
50 89 10000
43 74 10000
89 91 10000
84 91 10000
57 86 10000
47 49 10000
45 93 10000
26 53 10000
5 64 10000
70 98 10000
18 48 10000
34 23 10000
87 33 10000
11 98 10000
25 35 10000
52 5 10000
14 23 10000
27 26 10000
36 22 10000
50 28 10000
43 71 10000
64 95 10000
55 73 10000
90 57 10000
51 19 10000
64 84 10000
81 48 10000
60 64 10000
49 83 10000
60 75 10000
21 61 10000
61 51 10000
36 21 10000
31 56 10000
9 83 10000
7 66 10000
70 69 10000
90 40 10000
76 43 10000
68 41 10000
8 95 10000
67 42 10000
1 21 10000
57 80 10000
30 86 10000
85 63 10000
89 32 10000
71 13 10000
41 94 10000
52 39 10000
38 39 10000
38 40 10000
42 82 10000
4 71 10000
52 45 10000
43 83 10000
81 90 10000
96 61 10000
77 59 10000
40 74 10000
63 71 10000
84 18 10000
2 80 10000
85 15 10000
52 87 10000
66 79 10000
86 67 10000
61 98 10000
16 59 10000
55 10 10000
42 66 10000
51 68 10000
11 65 10000
8 89 10000
53 83 10000
57 44 10000
56 9 10000
95 68 10000
48 72 10000
24 94 10000
14 19 10000
82 77 10000
35 34 10000
87 16 10000
85 70 10000
15 90 10000
19 76 10000
61 85 10000
97 99 10000
47 78 10000
39 13 10000
56 44 10000
100 99 10000
72 1 10000
93 18 10000
39 68 10000
77 49 10000
15 34 10000
49 79 10000
26 93 10000
73 7 10000
100 85 10000
54 49 10000
64 37 10000
60 99 10000
5 24 10000
82 19 10000
26 70 10000
73 34 10000
26 47 10000
69 49 10000
38 2 10000
49 19 10000
21 4 10000
41 51 10000
97 41 10000
55 69 10000
13 90 10000
42 37 10000
73 70 10000
6 78 10000
97 90 10000
76 87 10000
38 67 10000
5 83 10000
77 74 10000
97 20 10000
99 71 10000
18 12 10000
1 75 10000
19 22 10000
31 95 10000
74 50 10000
59 94 10000
80 88 10000
80 6 10000
33 96 10000
18 53 10000
26 6 10000
27 23 10000
92 37 10000
32 33 10000
85 6 10000
58 49 10000
25 92 10000
7 70 10000
5 43 10000
83 75 10000
54 7 10000
30 62 10000
75 53 10000
20 91 10000
39 77 10000
75 29 10000
74 96 10000
32 19 10000
10 98 10000
96 22 10000
76 27 10000
56 62 10000
29 39 10000
12 49 10000
91 45 10000
3 62 10000
46 77 10000
17 15 10000
37 88 10000
47 64 10000
25 41 10000
77 7 10000
12 47 10000
85 71 10000
95 11 10000
3 31 10000
8 29 10000
23 54 10000
53 8 10000
14 96 10000
70 63 10000
23 15 10000
66 23 10000
17 10 10000
16 96 10000
24 51 10000
56 11 10000
48 56 10000
7 72 10000
89 99 10000
56 6 10000
85 73 10000
38 83 10000
94 69 10000
63 25 10000
100 69 10000
99 5 10000
21 72 10000
84 2 10000
42 39 10000
60 66 10000
51 45 10000
22 54 10000
41 93 10000
66 21 10000
48 96 10000
73 96 10000
44 49 10000
86 34 10000
10 63 10000
85 96 10000
36 38 10000
23 65 10000
94 48 10000
20 72 10000
74 38 10000
90 10 10000
72 89 10000
12 74 10000
27 40 10000
24 9 10000
35 84 10000
27 33 10000
78 96 10000
49 1 10000
16 4 10000
8 18 10000
74 91 10000
75 51 10000
32 34 10000
40 19 10000
67 90 10000
52 58 10000
8 25 10000
8 28 10000
47 31 10000
23 10 10000
87 99 10000
94 36 10000
2 34 10000
100 28 10000
27 77 10000
77 9 10000
31 22 10000
52 37 10000
56 25 10000
70 32 10000
51 49 10000
50 20 10000
29 28 10000
96 72 10000
3 27 10000
20 43 10000
91 42 10000
48 20 10000
85 27 10000
57 58 10000
2 81 10000
59 44 10000
12 5 10000
19 53 10000
23 88 10000
90 92 10000
49 87 10000
4 42 10000
86 27 10000
10 34 10000
78 63 10000
16 50 10000
19 69 10000
48 87 10000
70 28 10000
99 84 10000
7 35 10000
80 33 10000
23 100 10000
95 90 10000
98 20 10000
76 39 10000
68 10 10000
92 44 10000
63 42 10000
15 58 10000
39 46 10000
98 36 10000
73 26 10000
47 90 10000
83 56 10000
8 6 10000
54 78 10000
74 27 10000
43 19 10000
99 56 10000
85 17 10000
93 74 10000
61 48 10000
50 27 10000
12 73 10000
50 60 10000
19 65 10000
52 8 10000
77 52 10000
14 30 10000
4 75 10000
42 15 10000
16 7 10000
11 94 10000
9 12 10000
54 76 10000
3 14 10000
89 21 10000
25 29 10000
30 40 10000
35 49 10000
11 41 10000
5 70 10000
6 86 10000
96 60 10000
20 73 10000
83 42 10000
98 96 10000
2 5 10000
13 54 10000
26 50 10000
34 38 10000
20 84 10000
39 73 10000
19 45 10000
51 35 10000
29 5 10000
87 34 10000
34 89 10000
2 37 10000
10 32 10000
52 32 10000
70 42 10000
45 44 10000
24 55 10000
63 73 10000
51 56 10000
62 73 10000
53 33 10000
8 84 10000
92 97 10000
44 58 10000
29 71 10000
38 43 10000
79 74 10000
48 51 10000
59 49 10000
69 5 10000
79 44 10000
7 4 10000
19 31 10000
73 31 10000
12 53 10000
84 6 10000
34 8 10000
37 94 10000
76 67 10000
21 68 10000
23 16 10000
13 94 10000
85 57 10000
83 32 10000
59 43 10000
18 89 10000
35 8 10000
33 4 10000
23 97 10000
42 52 10000
71 45 10000
43 16 10000
33 21 10000
80 73 10000
54 66 10000
56 49 10000
20 34 10000
56 12 10000
72 92 10000
31 100 10000
31 62 10000
98 57 10000
86 35 10000
9 76 10000
72 79 10000
46 98 10000
28 63 10000
29 49 10000
3 87 10000
51 88 10000
47 37 10000
34 45 10000
43 17 10000
15 18 10000
68 30 10000
82 89 10000
89 77 10000
64 21 10000
28 68 10000
10 71 10000
61 74 10000
68 42 10000
51 85 10000
68 12 10000
17 99 10000
39 40 10000
59 55 10000
96 1 10000
33 6 10000
8 38 10000
84 22 10000
8 72 10000
35 4 10000
43 97 10000
64 30 10000
43 94 10000
99 57 10000
3 63 10000
95 80 10000
90 6 10000
85 89 10000
80 41 10000
47 1 10000
81 33 10000
40 22 10000
98 40 10000
66 11 10000
61 46 10000
89 5 10000
20 78 10000
48 93 10000
32 90 10000
95 73 10000
40 23 10000
55 60 10000
41 19 10000
16 61 10000
14 71 10000
40 50 10000
39 88 10000
98 60 10000
75 61 10000
34 93 10000
72 35 10000
14 51 10000
11 87 10000
69 44 10000
50 69 10000
46 13 10000
73 60 10000
34 6 10000
78 73 10000
83 88 10000
100 36 10000
19 30 10000
76 3 10000
7 31 10000
41 58 10000
25 28 10000
81 62 10000
42 29 10000
4 24 10000
90 18 10000
57 41 10000
67 7 10000
5 38 10000
5 49 10000
25 82 10000
59 84 10000
72 25 10000
81 60 10000
97 56 10000
53 90 10000
15 100 10000
68 56 10000
95 33 10000
51 89 10000
39 74 10000
87 77 10000
17 22 10000
29 34 10000
100 21 10000
29 31 10000
43 29 10000
100 83 10000
28 92 10000
22 7 10000
93 94 10000
66 10 10000
6 23 10000
22 3 10000
2 29 10000
79 60 10000
26 87 10000
68 54 10000
67 100 10000
5 63 10000
1 78 10000
58 81 10000
23 36 10000
58 85 10000
91 98 10000
32 21 10000
44 15 10000
78 43 10000
30 51 10000
56 40 10000
74 1 10000
45 90 10000
9 39 10000
14 7 10000
96 6 10000
24 47 10000
4 52 10000
40 99 10000
2 76 10000
44 2 10000
86 45 10000
19 68 10000
10 78 10000
83 60 10000
54 51 10000
88 5 10000
32 38 10000
100 12 10000
43 31 10000
78 58 10000
42 47 10000
82 99 10000
31 1 10000
45 36 10000
68 11 10000
79 97 10000
96 44 10000
2 45 10000
26 11 10000
91 41 10000
43 60 10000
77 62 10000
27 13 10000
71 15 10000
70 92 10000
83 94 10000
49 33 10000
2 100 10000
31 66 10000
91 29 10000
22 33 10000
45 72 10000
84 61 10000
30 4 10000
63 79 10000
42 1 10000
83 80 10000
37 14 10000
97 91 10000
80 38 10000
18 50 10000
86 42 10000
70 57 10000
86 56 10000
62 22 10000
33 13 10000
9 70 10000
13 81 10000
9 91 10000
79 20 10000
97 27 10000
33 70 10000
95 15 10000
52 35 10000
80 87 10000
74 15 10000
51 17 10000
72 16 10000
1 25 10000
90 20 10000
77 21 10000
69 9 10000
85 78 10000
96 49 10000
64 86 10000
18 11 10000
14 11 10000
36 7 10000
69 47 10000
19 37 10000
4 68 10000
79 16 10000
83 44 10000
23 41 10000
57 30 10000
23 84 10000
93 96 10000
72 27 10000
99 63 10000
26 22 10000
87 59 10000
16 35 10000
10 13 10000
19 96 10000
67 16 10000
20 67 10000
67 50 10000
26 21 10000
32 45 10000
61 81 10000
76 96 10000
40 67 10000
32 3 10000
56 38 10000
37 57 10000
54 41 10000
79 23 10000
79 3 10000
81 17 10000
89 49 10000
28 44 10000
14 15 10000
84 43 10000
61 31 10000
12 10 10000
67 31 10000
93 4 10000
63 37 10000
50 80 10000
39 24 10000
89 97 10000
5 86 10000
29 90 10000
85 48 10000
29 10 10000
5 35 10000
8 66 10000
50 3 10000
37 93 10000
97 22 10000
82 3 10000
69 4 10000
26 25 10000
91 94 10000
17 66 10000
49 76 10000
21 27 10000
49 4 10000
43 44 10000
68 7 10000
85 34 10000
35 56 10000
75 98 10000
64 22 10000
88 44 10000
30 43 10000
47 93 10000
56 14 10000
23 19 10000
61 34 10000
16 76 10000
58 32 10000
79 56 10000
20 4 10000
51 12 10000
45 55 10000
5 32 10000
18 21 10000
53 58 10000
88 50 10000
95 19 10000
68 58 10000
88 98 10000
42 16 10000
14 49 10000
13 8 10000
28 69 10000
34 36 10000
92 19 10000
55 20 10000
100 33 10000
17 3 10000
95 51 10000
61 28 10000
69 76 10000
98 80 10000
45 79 10000
83 3 10000
55 74 10000
37 34 10000
2 28 10000
32 96 10000
45 29 10000
16 82 10000
65 74 10000
53 43 10000
75 26 10000
30 79 10000
4 14 10000
54 31 10000
36 80 10000
20 35 10000
4 37 10000
79 91 10000
15 76 10000
76 80 10000
54 10 10000
36 81 10000
36 15 10000
5 21 10000
54 33 10000
8 17 10000
51 71 10000
51 76 10000
55 3 10000
99 86 10000
27 79 10000
15 32 10000
61 15 10000
83 91 10000
90 64 10000
17 24 10000
75 84 10000
46 19 10000
54 47 10000
46 49 10000
44 9 10000
21 8 10000
62 99 10000
69 67 10000
75 58 10000
70 48 10000
18 42 10000
75 49 10000
67 21 10000
1 73 10000
4 53 10000
51 62 10000
24 23 10000
44 77 10000
86 28 10000
4 91 10000
14 78 10000
63 98 10000
40 21 10000
65 5 10000
2 19 10000
54 37 10000
49 6 10000
69 3 10000
79 69 10000
50 12 10000
45 42 10000
28 31 10000
1 62 10000
80 81 10000
64 39 10000
84 31 10000
35 1 10000
68 13 10000
88 15 10000
53 22 10000
51 77 10000
98 24 10000
72 59 10000
11 24 10000
88 22 10000
76 47 10000
24 30 10000
65 80 10000
60 82 10000
71 6 10000
55 32 10000
48 10 10000
20 86 10000
90 66 10000
41 39 10000
66 95 10000
52 64 10000
13 32 10000
71 48 10000
19 84 10000
83 89 10000
100 44 10000
95 23 10000
97 55 10000
13 47 10000
54 26 10000
62 39 10000
10 20 10000
85 14 10000
29 77 10000
77 5 10000
84 44 10000
67 77 10000
96 46 10000
38 30 10000
19 80 10000
26 58 10000
76 61 10000
29 27 10000
7 29 10000
5 87 10000
1 61 10000
59 32 10000
100 73 10000
17 40 10000
88 32 10000
67 26 10000
76 30 10000
51 36 10000
62 34 10000
46 67 10000
71 96 10000
96 64 10000
28 64 10000
100 32 10000
41 43 10000
62 41 10000
16 45 10000
2 91 10000
66 71 10000
1 84 10000
42 95 10000
7 6 10000
93 75 10000
28 10 10000
58 48 10000
74 11 10000
35 89 10000
52 13 10000
16 33 10000
88 74 10000
99 90 10000
39 96 10000
83 28 10000
78 39 10000
74 56 10000
70 95 10000
69 8 10000
86 85 10000
93 13 10000
43 62 10000
83 39 10000
82 31 10000
42 93 10000
50 14 10000
86 63 10000
67 39 10000
91 93 10000
92 57 10000
4 62 10000
38 13 10000
28 82 10000
62 26 10000
45 30 10000
66 61 10000
15 60 10000
64 69 10000
20 82 10000
58 12 10000
80 8 10000
79 61 10000
99 61 10000
95 97 10000
2 23 10000
82 4 10000
86 49 10000
50 41 10000
56 3 10000
80 49 10000
5 91 10000
4 2 10000
51 58 10000
89 16 10000
67 14 10000
59 57 10000
6 82 10000
88 9 10000
21 37 10000
25 98 10000
90 7 10000
74 31 10000
76 13 10000
11 39 10000
9 53 10000
99 92 10000
47 81 10000
22 9 10000
25 91 10000
3 36 10000
46 78 10000
79 86 10000
53 81 10000
67 23 10000
25 99 10000
10 62 10000
49 64 10000
54 97 10000
86 53 10000
47 28 10000
50 38 10000
49 81 10000
82 93 10000
56 80 10000
36 44 10000
44 62 10000
3 20 10000
45 84 10000
71 34 10000
63 95 10000
44 48 10000
65 34 10000
15 97 10000
69 86 10000
14 38 10000
56 94 10000
15 24 10000
9 46 10000
36 97 10000
54 17 10000
96 37 10000
25 30 10000
40 6 10000
9 23 10000
63 38 10000
38 19 10000
52 69 10000
62 50 10000
55 96 10000
76 91 10000
3 57 10000
83 93 10000
25 67 10000
64 57 10000
17 30 10000
66 38 10000
85 12 10000
27 65 10000
68 69 10000
40 91 10000
40 96 10000
29 70 10000
97 53 10000
25 78 10000
12 4 10000
96 88 10000
59 29 10000
62 36 10000
99 47 10000
11 49 10000
27 82 10000
25 57 10000
75 62 10000
25 76 10000
72 63 10000
57 13 10000
57 71 10000
27 48 10000
88 7 10000
68 72 10000
72 90 10000
25 85 10000
49 3 10000
97 93 10000
81 10 10000
85 2 10000
10 91 10000
33 2 10000
65 14 10000
2 57 10000
71 5 10000
27 96 10000
19 74 10000
9 6 10000
10 44 10000
43 88 10000
33 19 10000
33 5 10000
80 77 10000
62 67 10000
13 25 10000
24 31 10000
89 65 10000
28 90 10000
68 90 10000
45 9 10000
74 24 10000
43 32 10000
37 43 10000
71 91 10000
24 89 10000
61 100 10000
19 83 10000
93 49 10000
73 94 10000
19 34 10000
25 24 10000
43 95 10000
4 73 10000
57 88 10000
81 44 10000
99 91 10000
19 77 10000
66 97 10000
14 92 10000
83 34 10000
95 62 10000
58 3 10000
54 9 10000
63 67 10000
39 22 10000
89 60 10000
16 3 10000
84 42 10000
36 82 10000
11 22 10000
17 35 10000
69 45 10000
85 31 10000
97 40 10000
12 15 10000
89 98 10000
67 91 10000
50 65 10000
45 39 10000
81 83 10000
25 42 10000
10 33 10000
61 22 10000
37 15 10000
96 4 10000
46 100 10000
14 32 10000
46 41 10000
83 1 10000
54 5 10000
70 22 10000
48 46 10000
98 94 10000
36 61 10000
80 51 10000
22 15 10000
45 28 10000
59 11 10000
37 40 10000
38 57 10000
65 35 10000
29 99 10000
57 63 10000
18 81 10000
1 18 10000
8 5 10000
87 67 10000
26 89 10000
39 56 10000
100 78 10000
58 45 10000
16 38 10000
72 44 10000
90 41 10000
81 63 10000
53 36 10000
34 44 10000
27 75 10000
42 35 10000
49 24 10000
41 10 10000
30 35 10000
38 86 10000
21 95 10000
30 87 10000
17 97 10000
65 47 10000
89 54 10000
11 64 10000
7 25 10000
83 87 10000
84 10 10000
54 6 10000
82 86 10000
70 39 10000
14 69 10000
80 54 10000
87 69 10000
89 56 10000
63 8 10000
92 16 10000
86 37 10000
74 70 10000
23 64 10000
29 56 10000
31 34 10000
38 65 10000
4 88 10000
96 45 10000
30 20 10000
79 15 10000
37 44 10000
10 27 10000
32 44 10000
45 22 10000
50 53 10000
65 56 10000
46 60 10000
82 47 10000
19 58 10000
3 64 10000
92 94 10000
40 60 10000
35 29 10000
35 15 10000
53 96 10000
16 27 10000
90 31 10000
10 59 10000
95 47 10000
7 1 10000
14 16 10000
57 54 10000
36 63 10000
92 82 10000
1 39 10000
31 53 10000
14 57 10000
44 51 10000
82 52 10000
76 79 10000
31 11 10000
10 57 10000
83 61 10000
12 71 10000
52 84 10000
95 46 10000
86 93 10000
43 70 10000
38 84 10000
5 76 10000
95 59 10000
63 97 10000
30 58 10000
26 23 10000
80 24 10000
52 75 10000
15 57 10000
31 16 10000
36 13 10000
89 55 10000
85 35 10000
91 50 10000
68 6 10000
3 39 10000
20 31 10000
38 31 10000
75 74 10000
82 5 10000
12 76 10000
42 90 10000
40 31 10000
45 3 10000
37 29 10000
63 89 10000
27 46 10000
76 52 10000
84 34 10000
72 55 10000
29 76 10000
61 67 10000
47 34 10000
2 46 10000
33 56 10000
99 16 10000
6 67 10000
93 5 10000
98 83 10000
91 36 10000
6 27 10000
75 45 10000
54 43 10000
65 92 10000
91 92 10000
20 51 10000
67 96 10000
71 60 10000
56 55 10000
3 46 10000
83 82 10000
26 68 10000
45 66 10000
4 72 10000
48 17 10000
79 78 10000
78 93 10000
19 8 10000
32 25 10000
36 54 10000
70 2 10000
79 18 10000
40 84 10000
4 36 10000
17 74 10000
59 93 10000
36 16 10000
79 88 10000
100 18 10000
68 61 10000
46 31 10000
3 99 10000
36 41 10000
48 31 10000
81 27 10000
77 99 10000
83 79 10000
24 67 10000
87 100 10000
39 26 10000
15 43 10000
25 62 10000
67 66 10000
79 64 10000
41 56 10000
46 56 10000
41 31 10000
88 62 10000
75 86 10000
33 61 10000
54 32 10000
15 47 10000
86 1 10000
21 14 10000
76 84 10000
28 87 10000
61 43 10000
67 5 10000
59 92 10000
55 38 10000
24 20 10000
21 80 10000
46 1 10000
3 8 10000
38 49 10000
47 61 10000
94 62 10000
20 69 10000
88 82 10000
48 88 10000
22 14 10000
49 10 10000
80 97 10000
23 69 10000
8 9 10000
53 93 10000
56 28 10000
72 33 10000
51 34 10000
7 44 10000
48 15 10000
84 69 10000
10 22 10000
93 28 10000
22 8 10000
93 17 10000
67 15 10000
4 13 10000
28 22 10000
98 2 10000
3 11 10000
15 38 10000
35 27 10000
56 78 10000
8 54 10000
24 62 10000
40 61 10000
70 38 10000
83 6 10000
4 97 10000
4 31 10000
61 13 10000
22 21 10000
76 77 10000
22 35 10000
24 85 10000
95 91 10000
9 87 10000
61 90 10000
76 4 10000
72 58 10000
83 7 10000
98 58 10000
61 5 10000
22 56 10000
5 62 10000
10 42 10000
3 90 10000
20 26 10000
15 28 10000
22 87 10000
62 45 10000
99 74 10000
70 100 10000
38 10 10000
21 3 10000
8 87 10000
16 30 10000
94 9 10000
47 8 10000
27 36 10000
25 14 10000
46 12 10000
84 56 10000
63 80 10000
99 7 10000
41 87 10000
76 11 10000
24 84 10000
18 87 10000
5 16 10000
62 38 10000
79 82 10000
33 50 10000
69 73 10000
89 2 10000
76 85 10000
93 54 10000
87 63 10000
94 12 10000
25 39 10000
4 60 10000
74 4 10000
36 5 10000
5 84 10000
48 49 10000
88 35 10000
38 42 10000
40 8 10000
60 86 10000
59 53 10000
72 47 10000
7 98 10000
32 81 10000
26 46 10000
41 2 10000
99 6 10000
71 27 10000
79 77 10000
52 83 10000
35 39 10000
68 98 10000
99 85 10000
85 53 10000
10 97 10000
52 62 10000
58 43 10000
67 73 10000
49 52 10000
81 31 10000
72 69 10000
16 9 10000
30 12 10000
80 61 10000
97 98 10000
85 59 10000
12 23 10000
97 58 10000
31 70 10000
78 51 10000
24 1 10000
35 11 10000
20 21 10000
49 99 10000
57 24 10000
71 65 10000
10 46 10000
95 65 10000
29 55 10000
60 61 10000
85 3 10000
45 61 10000
23 53 10000
6 19 10000
22 16 10000
69 33 10000
58 22 10000
18 7 10000
1 70 10000
17 19 10000
34 91 10000
22 83 10000
52 48 10000
6 48 10000
89 87 10000
63 62 10000
51 25 10000
29 97 10000
41 16 10000
50 93 10000
84 86 10000
27 37 10000
77 4 10000
89 1 10000
35 76 10000
100 74 10000
22 100 10000
64 6 10000
39 34 10000
48 97 10000
91 19 10000
7 13 10000
69 82 10000
47 66 10000
45 48 10000
91 69 10000
89 3 10000
33 46 10000
78 95 10000
76 48 10000
23 81 10000
79 32 10000
66 77 10000
46 44 10000
66 40 10000
46 62 10000
10 8 10000
80 16 10000
77 55 10000
16 26 10000
94 28 10000
30 61 10000
49 60 10000
30 85 10000
81 72 10000
15 91 10000
10 99 10000
8 45 10000
74 86 10000
37 1 10000
91 73 10000
37 35 10000
18 85 10000
65 75 10000
11 89 10000
100 77 10000
78 92 10000
30 49 10000
18 78 10000
37 51 10000
55 33 10000
12 16 10000
23 86 10000
58 54 10000
71 54 10000
2 12 10000
66 53 10000
75 6 10000
78 27 10000
50 2 10000
14 10 10000
76 98 10000
93 21 10000
74 44 10000
17 69 10000
63 23 10000
1 57 10000
84 79 10000
48 77 10000
87 54 10000
78 19 10000
80 55 10000
74 49 10000
74 64 10000
36 24 10000
38 12 10000
11 12 10000
74 29 10000
3 98 10000
14 55 10000
59 20 10000
71 67 10000
4 64 10000
76 1 10000
31 57 10000
90 59 10000
54 74 10000
84 62 10000
27 32 10000
42 94 10000
78 5 10000
46 97 10000
95 35 10000
1 79 10000
38 91 10000
44 42 10000
64 93 10000
93 61 10000
20 85 10000
10 26 10000
93 87 10000
72 26 10000
59 61 10000
32 97 10000
28 37 10000
65 16 10000
96 51 10000
94 32 10000
48 98 10000
76 82 10000
62 57 10000
85 52 10000
11 80 10000
92 27 10000
85 60 10000
79 81 10000
83 4 10000
95 96 10000
17 86 10000
44 60 10000
92 54 10000
98 31 10000
88 11 10000
67 43 10000
68 86 10000
100 35 10000
75 34 10000
86 48 10000
86 59 10000
46 80 10000
94 89 10000
67 19 10000
87 68 10000
58 34 10000
9 30 10000
2 25 10000
64 14 10000
32 68 10000
13 78 10000
82 46 10000
71 81 10000
100 97 10000
88 100 10000
80 15 10000
47 18 10000
75 35 10000
64 9 10000
96 79 10000
96 84 10000
26 55 10000
23 29 10000
78 42 10000
61 35 10000
6 41 10000
84 14 10000
25 45 10000
11 6 10000
45 43 10000
84 29 10000
96 52 10000
23 1 10000
42 30 10000
52 65 10000
54 20 10000
60 90 10000
19 1 10000
34 74 10000
57 83 10000
81 38 10000
87 42 10000
10 92 10000
86 16 10000
62 79 10000
72 52 10000
87 10 10000
1 98 10000
67 75 10000
52 26 10000
35 70 10000
59 65 10000
31 58 10000
74 68 10000
68 1 10000
87 24 10000
100 3 10000
87 64 10000
61 73 10000
47 77 10000
56 64 10000
88 26 10000
18 17 10000
76 88 10000
37 75 10000
76 50 10000
10 43 10000
19 55 10000
27 89 10000
84 41 10000
3 15 10000
93 72 10000
17 9 10000
7 32 10000
11 42 10000
74 73 10000
94 100 10000
57 11 10000
94 85 10000
47 45 10000
39 8 10000
66 1 10000
41 42 10000
21 49 10000
78 91 10000
81 7 10000
98 4 10000
44 86 10000
50 10 10000
26 41 10000
13 40 10000
99 88 10000
42 55 10000
95 44 10000
89 37 10000
10 69 10000
78 30 10000
25 33 10000
4 28 10000
61 42 10000
14 77 10000
99 30 10000
55 64 10000
38 27 10000
54 53 10000
25 47 10000
40 88 10000
18 56 10000
17 67 10000
31 77 10000
98 45 10000
78 37 10000
88 14 10000
21 63 10000
33 67 10000
81 93 10000
49 2 10000
48 82 10000
4 23 10000
77 96 10000
50 78 10000
37 38 10000
90 30 10000
58 89 10000
17 96 10000
10 86 10000
41 29 10000
96 7 10000
9 47 10000
97 5 10000
96 43 10000
52 81 10000
4 47 10000
92 62 10000
58 63 10000
12 90 10000
18 52 10000
61 41 10000
43 91 10000
41 78 10000
4 95 10000
71 95 10000
39 89 10000
70 94 10000
52 15 10000
86 65 10000
47 70 10000
82 91 10000
44 53 10000
94 17 10000
23 82 10000
79 9 10000
65 17 10000
25 77 10000
5 80 10000
83 29 10000
41 18 10000
21 53 10000
60 56 10000
17 6 10000
94 81 10000
40 63 10000
45 4 10000
92 2 10000
82 7 10000
37 13 10000
80 84 10000
71 78 10000
50 82 10000
60 13 10000
8 24 10000
13 44 10000
32 30 10000
65 93 10000
36 95 10000
73 54 10000
36 90 10000
14 81 10000
54 82 10000
91 70 10000
66 55 10000
90 56 10000
22 18 10000
67 58 10000
33 30 10000
94 44 10000
23 89 10000
77 37 10000
58 11 10000
40 51 10000
4 86 10000
51 43 10000
47 10 10000
72 61 10000
2 74 10000
56 57 10000
43 65 10000
23 43 10000
26 64 10000
45 12 10000
10 96 10000
61 57 10000
63 66 10000
100 59 10000
6 87 10000
25 59 10000
20 37 10000
16 19 10000
39 27 10000
62 23 10000
15 62 10000
25 34 10000
100 6 10000
52 88 10000
31 33 10000
47 63 10000
29 51 10000
56 76 10000
18 95 10000
29 24 10000
100 76 10000
55 84 10000
69 88 10000
56 73 10000
21 75 10000
41 47 10000
27 98 10000
28 57 10000
63 17 10000
19 72 10000
20 15 10000
33 84 10000
47 39 10000
50 99 10000
60 21 10000
72 83 10000
34 95 10000
5 41 10000
65 82 10000
47 7 10000
59 69 10000
34 53 10000
6 50 10000
66 69 10000
67 82 10000
43 14 10000
75 2 10000
1 11 10000
70 93 10000
54 94 10000
30 26 10000
59 81 10000
17 78 10000
74 67 10000
68 31 10000
21 47 10000
5 14 10000
94 71 10000
24 90 10000
96 75 10000
39 32 10000
62 33 10000
48 23 10000
54 77 10000
66 52 10000
77 98 10000
82 84 10000
2 97 10000
8 41 10000
49 67 10000
6 81 10000
83 73 10000
9 99 10000
51 82 10000
20 52 10000
26 57 10000
81 16 10000
1 27 10000
40 59 10000
80 62 10000
6 29 10000
6 30 10000
22 67 10000
65 62 10000
20 60 10000
84 72 10000
56 19 10000
9 61 10000
20 93 10000
15 86 10000
84 7 10000
22 69 10000
48 89 10000
94 6 10000
94 90 10000
20 12 10000
60 18 10000
55 15 10000
19 60 10000
92 32 10000
33 37 10000
48 90 10000
58 74 10000
20 71 10000
31 26 10000
35 19 10000
19 93 10000
47 33 10000
65 32 10000
84 68 10000
97 39 10000
74 71 10000
23 93 10000
3 34 10000
28 95 10000
73 38 10000
28 5 10000
97 61 10000
55 68 10000
52 24 10000
77 50 10000
85 98 10000
12 67 10000
20 66 10000
95 13 10000
74 81 10000
98 14 10000
28 18 10000
39 81 10000
24 91 10000
49 27 10000
89 31 10000
89 66 10000
66 9 10000
21 87 10000
38 9 10000
100 48 10000
69 56 10000
86 2 10000
26 12 10000
66 46 10000
39 61 10000
47 88 10000
32 17 10000
55 58 10000
1 33 10000
50 15 10000
73 59 10000
18 71 10000
29 82 10000
15 5 10000
52 14 10000
19 94 10000
42 79 10000
49 9 10000
73 97 10000
8 86 10000
94 60 10000
71 75 10000
14 6 10000
86 90 10000
37 12 10000
38 99 10000
91 8 10000
1 10 10000
79 41 10000
36 18 10000
28 32 10000
23 52 10000
94 79 10000
32 66 10000
3 92 10000
93 12 10000
33 42 10000
16 11 10000
34 16 10000
67 59 10000
27 63 10000
97 1 10000
18 67 10000
59 96 10000
98 100 10000
73 18 10000
92 53 10000
92 85 10000
9 21 10000
40 26 10000
52 31 10000
43 92 10000
95 84 10000
44 97 10000
91 22 10000
30 96 10000
42 54 10000
40 78 10000
85 43 10000
68 71 10000
69 37 10000
42 9 10000
58 77 10000
34 40 10000
56 63 10000
37 73 10000
65 29 10000
30 65 10000
54 69 10000
56 20 10000
26 13 10000
32 47 10000
88 27 10000
36 84 10000
77 72 10000
34 55 10000
79 25 10000
41 74 10000
17 92 10000
17 55 10000
41 64 10000
37 67 10000
100 91 10000
25 15 10000
27 45 10000
70 59 10000
33 48 10000
12 72 10000
13 3 10000
51 46 10000
49 22 10000
62 35 10000
21 7 10000
67 27 10000
22 12 10000
71 46 10000
7 37 10000
65 73 10000
14 75 10000
16 62 10000
71 33 10000
8 75 10000
55 57 10000
44 39 10000
11 90 10000
6 38 10000
31 23 10000
47 73 10000
72 82 10000
3 19 10000
53 3 10000
7 78 10000
91 14 10000
3 91 10000
30 55 10000
17 52 10000
43 80 10000
41 63 10000
33 38 10000
37 25 10000
70 30 10000
84 11 10000
80 68 10000
46 99 10000
54 50 10000
56 17 10000
74 59 10000
5 20 10000
71 97 10000
70 14 10000
61 8 10000
95 49 10000
16 91 10000
71 79 10000
37 87 10000
31 63 10000
7 30 10000
59 31 10000
62 21 10000
75 68 10000
84 28 10000
100 54 10000
47 62 10000
26 83 10000
44 4 10000
87 4 10000
64 62 10000
36 48 10000
18 16 10000
42 58 10000
65 33 10000
67 85 10000
26 77 10000
43 18 10000
70 50 10000
93 7 10000
35 31 10000
22 48 10000
72 50 10000
91 53 10000
92 46 10000
97 96 10000
96 90 10000
78 87 10000
25 19 10000
98 51 10000
33 76 10000
50 17 10000
6 62 10000
70 89 10000
30 3 10000
95 10 10000
28 53 10000
37 39 10000
88 28 10000
81 34 10000
97 16 10000
45 10 10000
81 57 10000
77 92 10000
89 62 10000
10 80 10000
87 27 10000
31 13 10000
86 58 10000
86 18 10000
84 73 10000
21 76 10000
28 46 10000
14 72 10000
16 49 10000
89 53 10000
25 83 10000
95 81 10000
49 66 10000
17 83 10000
95 79 10000
75 5 10000
2 56 10000
60 97 10000
48 8 10000
64 42 10000
4 17 10000
87 70 10000
90 73 10000
96 20 10000
100 49 10000
27 43 10000
69 26 10000
8 12 10000
25 74 10000
20 23 10000
52 95 10000
94 27 10000
26 4 10000
25 71 10000
87 46 10000
56 45 10000
53 52 10000
39 21 10000
57 84 10000
41 44 10000
8 79 10000
4 89 10000
98 50 10000
46 21 10000
34 27 10000
2 16 10000
74 13 10000
44 1 10000
56 50 10000
10 3 10000
89 80 10000
89 36 10000
78 69 10000
7 41 10000
9 92 10000
100 25 10000
89 20 10000
97 84 10000
5 58 10000
7 48 10000
52 12 10000
96 12 10000
41 48 10000
82 35 10000
81 77 10000
89 38 10000
45 89 10000
24 71 10000
43 11 10000
48 53 10000
67 2 10000
5 45 10000
55 44 10000
20 39 10000
71 93 10000
28 99 10000
38 58 10000
61 56 10000
89 57 10000
5 56 10000
87 39 10000
51 60 10000
76 78 10000
83 55 10000
61 71 10000
91 17 10000
3 80 10000
97 51 10000
89 64 10000
65 57 10000
64 45 10000
67 72 10000
60 77 10000
18 5 10000
78 60 10000
79 34 10000
100 86 10000
52 73 10000
49 45 10000
92 34 10000
11 27 10000
45 13 10000
72 53 10000
81 86 10000
72 51 10000
2 6 10000
71 23 10000
16 90 10000
57 76 10000
47 51 10000
66 2 10000
57 49 10000
81 99 10000
32 85 10000
1 32 10000
87 31 10000
58 17 10000
6 66 10000
66 68 10000
42 60 10000
69 95 10000
75 17 10000
6 10 10000
81 46 10000
50 36 10000
82 45 10000
17 64 10000
69 92 10000
58 79 10000
77 40 10000
78 65 10000
75 13 10000
89 9 10000
69 97 10000
58 91 10000
4 61 10000
23 50 10000
82 21 10000
7 95 10000
52 50 10000
52 63 10000
86 26 10000
51 10 10000
15 94 10000
83 41 10000
82 17 10000
53 82 10000
54 64 10000
94 38 10000
60 25 10000
35 55 10000
71 64 10000
46 70 10000
61 19 10000
43 49 10000
16 28 10000
89 7 10000
43 79 10000
70 37 10000
3 48 10000
46 30 10000
23 68 10000
24 66 10000
36 93 10000
99 27 10000
50 42 10000
22 32 10000
7 20 10000
95 89 10000
60 65 10000
60 7 10000
5 26 10000
53 39 10000
57 40 10000
30 100 10000
42 89 10000
60 30 10000
36 26 10000
88 1 10000
36 58 10000
34 12 10000
68 89 10000
74 48 10000
63 94 10000
61 12 10000
36 68 10000
58 21 10000
28 96 10000
79 65 10000
90 84 10000
85 97 10000
2 43 10000
28 26 10000
24 22 10000
55 61 10000
34 97 10000
35 67 10000
100 79 10000
87 44 10000
90 54 10000
85 21 10000
57 9 10000
83 8 10000
39 55 10000
17 34 10000
30 82 10000
88 94 10000
43 89 10000
96 15 10000
85 10 10000
82 81 10000
52 1 10000
41 92 10000
69 57 10000
87 96 10000
55 21 10000
90 34 10000
84 78 10000
36 73 10000
87 74 10000
100 8 10000
83 63 10000
77 15 10000
85 87 10000
7 12 10000
97 12 10000
1 26 10000
71 28 10000
73 50 10000
65 70 10000
54 81 10000
78 45 10000
66 56 10000
35 53 10000
82 38 10000
90 55 10000
86 47 10000
39 84 10000
58 95 10000
12 3 10000
49 26 10000
84 88 10000
4 94 10000
18 70 10000
12 77 10000
63 16 10000
36 9 10000
57 45 10000
10 11 10000
48 35 10000
17 2 10000
34 69 10000
64 92 10000
25 10 10000
43 3 10000
8 92 10000
97 67 10000
76 60 10000
7 9 10000
46 47 10000
93 92 10000
13 51 10000
65 24 10000
40 32 10000
87 92 10000
31 51 10000
30 1 10000
90 77 10000
30 69 10000
98 39 10000
41 1 10000
78 61 10000
8 99 10000
34 78 10000
25 52 10000
80 78 10000
73 5 10000
83 97 10000
96 31 10000
12 69 10000
63 33 10000
95 22 10000
42 2 10000
84 58 10000
19 50 10000
52 36 10000
90 4 10000
68 100 10000
67 1 10000
71 56 10000
8 62 10000
69 13 10000
43 42 10000
26 78 10000
52 92 10000
17 41 10000
10 18 10000
88 8 10000
19 64 10000
40 35 10000
32 12 10000
45 68 10000
34 24 10000
11 4 10000
77 36 10000
14 36 10000
59 58 10000
88 77 10000
75 38 10000
55 98 10000
40 29 10000
34 11 10000
98 71 10000
23 59 10000
44 66 10000
87 12 10000
22 73 10000
44 29 10000
3 23 10000
82 13 10000
95 54 10000
2 88 10000
5 100 10000
69 61 10000
79 90 10000
69 77 10000
99 52 10000
98 43 10000
35 2 10000
15 78 10000
78 29 10000
5 40 10000
92 40 10000
2 7 10000
58 50 10000
54 75 10000
40 94 10000
93 51 10000
40 48 10000
80 23 10000
4 27 10000
1 77 10000
18 57 10000
24 75 10000
23 60 10000
12 44 10000
29 52 10000
9 68 10000
63 34 10000
51 53 10000
8 37 10000
32 67 10000
63 26 10000
35 68 10000
69 80 10000
85 13 10000
88 67 10000
68 57 10000
89 52 10000
53 13 10000
20 49 10000
32 86 10000
20 29 10000
31 2 10000
3 6 10000
75 88 10000
44 54 10000
83 92 10000
19 88 10000
89 19 10000
71 42 10000
83 33 10000
29 62 10000
39 69 10000
33 12 10000
25 61 10000
15 70 10000
58 8 10000
65 3 10000
57 94 10000
68 92 10000
43 40 10000
33 85 10000
10 9 10000
21 71 10000
2 63 10000
36 1 10000
3 73 10000
33 78 10000
4 39 10000
96 99 10000
91 85 10000
28 79 10000
73 21 10000
70 88 10000
50 86 10000
14 47 10000
98 81 10000
48 79 10000
41 76 10000
61 11 10000
50 7 10000
14 99 10000
66 94 10000
59 1 10000
24 2 10000
31 71 10000
72 13 10000
97 87 10000
40 83 10000
70 76 10000
70 83 10000
7 71 10000
83 46 10000
78 72 10000
79 14 10000
71 53 10000
87 79 10000
32 29 10000
75 90 10000
90 98 10000
25 44 10000
57 8 10000
36 71 10000
81 88 10000
100 65 10000
77 32 10000
11 81 10000
56 96 10000
32 36 10000
73 75 10000
85 9 10000
19 71 10000
38 98 10000
96 42 10000
32 84 10000
72 98 10000
72 86 10000
28 21 10000
50 4 10000
90 71 10000
81 56 10000
88 42 10000
68 49 10000
5 81 10000
80 99 10000
10 31 10000
2 13 10000
64 50 10000
96 63 10000
35 90 10000
3 29 10000
48 80 10000
84 4 10000
24 43 10000
61 24 10000
98 9 10000
88 29 10000
80 93 10000
66 91 10000
7 63 10000
2 22 10000
71 22 10000
41 75 10000
89 75 10000
7 34 10000
55 93 10000
67 48 10000
58 35 10000
13 99 10000
51 52 10000
85 47 10000
82 34 10000
95 55 10000
18 91 10000
52 28 10000
14 58 10000
25 16 10000
69 36 10000
62 70 10000
54 25 10000
25 27 10000
74 80 10000
25 97 10000
64 51 10000
74 52 10000
20 2 10000
7 3 10000
52 41 10000
21 35 10000
17 39 10000
80 100 10000
55 52 10000
19 42 10000
89 86 10000
20 58 10000
100 55 10000
90 39 10000
58 69 10000
54 4 10000
89 76 10000
1 9 10000
19 66 10000
85 42 10000
100 64 10000
75 78 10000
79 10 10000
9 31 10000
59 89 10000
6 20 10000
94 33 10000
43 66 10000
64 58 10000
74 33 10000
67 98 10000
65 41 10000
54 84 10000
36 85 10000
29 69 10000
51 22 10000
