72 631
21 38 4009
18 35 694
10 31 4759
9 15 230
64 17 3174
37 55 8189
1 35 5418
10 37 2520
24 5 169
21 62 2067
72 6 870
51 18 1844
4 9 6874
62 68 1787
50 54 7275
13 41 5095
19 61 3570
18 3 7759
18 27 6280
66 46 861
47 60 6031
54 59 7562
64 7 8471
43 32 523
46 15 256
47 38 4953
4 33 1918
24 54 1214
21 56 7057
30 12 197
59 3 5192
51 69 8770
47 24 4581
4 61 5015
53 36 4767
41 37 2358
68 20 3649
47 34 4699
32 22 8778
67 60 5684
51 65 4798
51 13 8829
49 59 3936
65 47 5124
1 58 8798
55 10 1506
31 24 2559
32 67 1814
1 32 8814
24 2 3561
23 59 1305
52 3 690
46 52 3708
71 34 1752
21 40 6396
44 33 1787
6 42 9956
57 62 1851
41 72 4166
32 52 9235
53 4 7285
2 30 3985
46 37 3608
68 10 7612
47 69 1559
49 64 6937
33 25 6221
4 44 7537
52 41 1447
3 50 2486
22 54 3064
63 35 6453
46 14 6791
23 48 152
27 43 523
46 26 5685
72 47 3376
15 23 9002
41 26 8950
33 37 5845
7 66 7638
12 51 5870
38 18 7127
71 22 2053
39 59 2483
7 30 9430
7 55 9661
24 52 777
53 46 4650
3 70 9914
22 8 3557
20 42 7488
27 14 1032
47 55 4031
63 62 2180
64 71 6949
4 32 5277
64 10 2824
72 24 3325
22 49 6951
21 50 1971
57 70 8558
11 52 1847
52 1 8335
59 26 1173
55 6 2391
54 53 6560
6 14 8282
19 10 6997
63 45 7753
69 70 9037
9 40 9596
8 13 1456
28 21 1927
60 31 7532
4 57 3938
38 54 7185
42 21 4367
17 59 6361
34 65 6040
11 29 6465
29 12 8351
70 38 1660
57 2 2167
16 14 802
53 51 6149
51 31 7445
68 53 4197
65 5 9598
30 19 4848
49 1 4141
39 46 1024
68 66 2807
68 64 4437
1 43 6205
12 27 7206
72 13 222
71 23 6168
66 11 6673
11 47 9166
6 46 6684
48 52 2495
46 43 2103
34 32 1431
41 23 8788
36 22 1843
5 39 608
46 36 4477
39 34 2662
58 59 5696
3 29 6836
29 9 3797
66 49 5409
61 70 9476
15 51 318
37 48 1489
62 50 893
46 56 5765
25 11 9073
20 29 6168
48 33 2280
20 50 7955
47 32 5755
26 63 7804
65 68 3558
13 67 243
14 18 3080
29 67 6033
16 60 463
5 55 3110
4 13 321
6 33 6771
35 3 3080
62 48 3163
56 12 1748
34 5 5773
3 2 3429
63 36 88
13 1 6420
7 32 4814
48 25 569
10 57 7239
9 71 5311
25 61 14
21 53 6570
24 26 1046
37 38 2997
53 60 9414
5 20 4703
2 23 4975
9 42 9176
69 15 611
70 16 5798
62 12 4294
46 49 6129
10 12 166
71 47 2411
1 2 2969
21 35 2874
62 35 5417
55 57 4825
14 49 1761
61 59 6401
7 22 6824
18 54 8908
38 41 6674
67 59 3796
60 40 3083
2 41 815
5 61 3182
10 51 6690
17 40 5741
38 26 8705
61 67 8576
66 32 9560
21 22 4067
39 25 1948
27 2 5917
47 54 8775
44 70 9165
39 64 4626
7 60 1794
26 20 290
9 52 7011
25 56 5190
71 65 67
67 10 8790
7 61 3845
39 16 4501
69 50 7945
22 34 8975
5 35 4051
4 5 8269
3 71 5171
71 33 4699
33 40 4655
45 40 2977
68 7 5713
9 31 6091
38 72 1698
9 41 8830
47 64 2457
6 44 9046
54 16 4563
32 21 1027
52 65 75
61 38 2439
68 14 7815
9 72 7370
57 40 6239
42 53 6293
71 49 9579
47 61 8474
68 67 3051
13 16 648
40 50 3830
47 26 5049
63 31 3837
59 19 2387
69 25 5310
32 18 2152
16 4 2602
24 7 9300
70 42 3749
50 59 5804
54 60 6226
67 38 9123
10 16 2852
50 19 5069
69 42 1845
39 22 117
37 16 422
57 26 8569
54 48 771
2 71 7886
42 32 7688
31 5 4081
37 54 6271
3 30 7284
48 4 3642
52 20 9296
38 30 7458
21 64 8172
51 30 7192
57 23 5602
19 27 7739
71 58 9957
70 18 358
48 49 1850
8 48 6099
37 64 291
51 11 9742
71 37 1692
11 33 1594
21 39 8954
37 11 5983
65 46 2191
63 8 4207
27 46 6669
11 21 5872
51 1 3405
68 46 7113
11 69 78
10 22 5823
22 43 3505
34 18 8094
45 10 3745
1 27 582
24 14 1640
9 54 1522
29 32 6580
14 56 6353
10 48 3779
13 44 1867
44 38 4895
40 72 4170
28 11 8657
58 4 9633
55 23 806
35 16 7598
6 39 723
34 42 7938
14 36 9427
57 27 298
55 61 7639
32 33 2131
58 35 2618
13 64 6207
61 21 6599
7 9 2227
6 57 4504
45 2 6263
68 21 8350
33 60 8680
61 56 4871
62 34 1423
69 30 4058
17 54 1618
5 22 2657
36 51 3168
59 13 2411
56 7 9767
33 28 118
40 67 3677
12 9 709
62 61 783
45 1 3848
4 14 9171
61 20 6649
16 55 8225
53 23 7358
34 23 2055
43 25 8878
18 68 874
43 38 9112
8 56 338
7 23 2506
48 14 20
65 10 2971
62 32 5388
42 5 3086
36 50 71
71 15 7695
47 33 937
28 40 7209
56 64 3679
57 11 2558
25 12 2372
55 52 7768
57 19 2777
10 34 8551
22 11 6252
68 35 6297
31 26 2670
42 52 3467
24 30 3033
47 56 265
24 57 9880
22 15 7187
31 23 6855
60 45 1251
5 60 1805
21 25 8046
60 70 810
43 9 17
43 69 6350
33 46 6097
68 59 5841
42 60 6225
17 42 4651
50 39 3037
20 51 1959
72 27 5700
34 28 199
46 22 2016
45 8 402
53 7 7454
34 31 9586
58 8 992
41 40 3894
40 5 6338
1 54 9789
54 46 6789
56 11 1568
14 62 2387
28 49 2034
35 65 9827
25 3 4025
30 48 6994
15 8 1233
40 71 5354
47 50 8274
12 55 839
20 60 3581
71 10 2899
47 6 2260
17 13 7037
34 44 6004
6 20 550
51 29 4552
34 14 4418
26 67 9161
21 67 5645
6 8 1207
46 59 1141
38 53 7155
22 1 8379
13 37 11
9 24 8600
44 61 146
16 43 8966
64 44 1111
22 3 7171
38 27 5240
70 63 7435
55 26 9938
35 49 8301
14 66 4209
34 52 1512
69 40 7268
38 24 569
34 50 5412
48 70 4212
54 26 599
45 31 5761
25 64 7459
22 64 1733
70 59 1164
50 53 9678
47 8 3231
46 45 4850
65 8 2298
63 19 3298
60 44 1203
47 63 869
20 57 4186
30 11 8542
45 56 9758
64 34 8246
32 30 2346
33 15 4770
50 60 1881
12 65 635
4 3 3562
40 3 9184
47 53 3759
35 28 9067
43 14 6738
44 68 765
10 28 6648
13 48 5049
70 64 9301
19 68 835
57 37 7480
57 32 8350
25 71 3210
57 61 2523
10 72 9655
55 18 1519
30 40 5931
4 37 5388
64 15 9666
32 9 2702
59 8 9374
62 25 7516
26 2 4465
59 65 2903
16 20 4485
32 59 6846
1 26 2150
35 29 969
15 70 8887
67 11 5790
45 70 5152
64 9 9907
46 70 5447
47 30 864
63 72 3419
25 10 3878
35 39 3482
1 36 2321
55 64 5117
49 53 8654
70 8 583
34 4 8669
48 27 2994
27 45 2924
31 71 8028
58 62 2906
67 15 164
34 3 4635
16 30 2721
65 26 8524
31 12 5410
59 35 5313
53 45 6497
13 47 3858
65 37 8805
31 53 8587
59 14 5574
10 53 7292
5 64 2878
52 17 1392
72 50 2259
26 50 6839
45 19 6372
36 26 4995
24 36 1234
32 48 3765
18 48 3460
1 61 4541
19 8 6013
31 65 2282
45 34 73
3 44 6404
4 24 3950
49 72 937
37 28 3652
8 27 1370
43 18 2123
71 19 1746
21 7 2241
15 4 6298
62 13 8127
37 7 1697
11 49 3696
2 15 6597
66 8 7144
63 25 8242
10 36 5942
60 28 5605
66 25 7899
36 62 4908
53 1 6449
56 23 3710
4 38 2087
42 47 2850
37 15 2488
3 67 3097
31 30 5379
34 68 476
46 71 5949
65 61 7645
71 17 9014
3 32 1441
68 5 4268
8 57 3605
41 50 8650
60 30 4478
49 61 3350
68 54 7552
25 72 9838
19 55 2911
6 66 5929
4 25 9546
45 43 6977
2 29 7376
11 12 1290
12 26 3990
21 49 9156
44 27 3248
2 19 2510
16 67 4831
36 69 3636
61 35 9812
26 10 3480
7 58 6782
59 66 6505
49 60 7895
25 60 819
16 72 6593
71 14 2117
25 47 7170
34 12 385
17 41 9133
23 69 5745
61 22 2456
54 52 2867
23 40 6351
1 44 7114
43 44 1939
26 68 3023
12 20 4213
54 70 1216
49 26 8830
9 66 5710
19 58 3929
59 9 8587
62 51 1280
13 11 9900
70 2 2736
67 6 5734
40 47 9786
13 21 3471
10 60 2225
45 59 319
64 31 5612
45 48 2516
63 37 797
43 61 7250
27 15 3950
65 25 1145
49 63 4356
69 14 1010
19 70 4267
25 35 4047
69 10 6171
10 50 6974
40 46 280
8 3 7021
5 43 6835
