84 132
23 29 3184
61 29 6571
24 79 3509
59 1 7013
44 37 1326
69 51 9582
53 26 2506
40 22 841
81 30 9828
64 39 8650
17 1 2718
57 64 843
21 32 3718
28 35 1033
39 72 6111
81 51 5564
19 64 1547
61 84 5091
84 6 5733
29 50 9008
43 61 3197
75 83 730
45 47 8700
26 68 1311
38 74 4765
25 64 5894
2 84 7609
32 16 4312
27 57 8428
49 55 182
47 69 897
6 83 6596
49 13 3066
22 45 1148
81 34 2824
22 61 5136
49 31 6483
29 68 2635
22 25 1588
51 53 9784
64 10 1355
39 73 3831
82 54 6628
80 74 8873
32 10 8168
8 10 4956
71 68 1048
45 55 9680
51 68 63
25 72 944
34 6 3634
52 76 6842
36 32 6104
47 63 6882
57 51 8904
22 63 5381
4 22 7155
41 67 9388
36 6 793
51 35 1985
13 2 3100
43 62 1448
37 56 5115
77 73 6726
54 13 5822
46 63 308
11 2 6315
23 44 284
2 82 9181
44 84 9880
26 70 9896
37 65 3664
3 56 2348
45 61 3999
65 16 630
58 13 2001
69 19 4915
27 72 171
72 1 2852
12 70 482
13 75 6232
39 40 8407
58 52 413
49 59 5542
71 37 8261
17 63 1675
50 3 9052
70 44 387
8 30 2475
18 70 9883
20 10 4250
45 17 3838
53 76 5241
13 62 2437
21 11 9589
65 51 7387
65 46 4262
73 6 7508
68 61 1010
56 16 553
37 67 2553
48 17 4391
12 28 4831
24 16 6064
82 34 3609
9 80 6930
72 81 5086
71 17 6974
72 3 6930
74 32 2959
35 36 2824
59 38 1385
11 19 339
46 34 1894
31 69 3310
57 35 9734
82 43 8329
56 44 9556
35 4 5743
63 59 8145
56 4 2335
35 63 6856
18 28 8799
73 18 5794
12 82 2066
4 41 2732
71 70 5035
60 27 5527
64 45 5027
76 47 7823
38 41 7687
40 12 9293
