300 1000
114 87 2107
10 94 5974
182 144 1103
111 296 3172
179 27 5000
183 103 8498
121 99 5729
71 202 4418
63 299 5770
191 54 491
268 108 3564
190 232 1297
224 180 5087
74 221 2111
198 102 5922
288 80 4537
145 51 1641
166 208 5021
191 183 8577
182 250 7706
111 139 7585
56 71 2685
237 140 942
252 274 9424
52 262 2584
42 97 6107
170 39 5191
209 191 7043
116 75 9756
159 188 5164
37 207 4826
168 111 3173
171 258 9268
69 206 8194
201 213 4759
159 13 8989
14 74 7891
134 267 4985
165 100 7402
229 148 705
63 22 5271
201 89 837
243 13 1821
115 148 8127
258 34 220
191 144 1843
123 150 5480
194 65 6697
90 295 2796
53 256 4036
111 15 601
134 82 6926
28 107 449
31 48 1590
127 244 9672
111 182 7629
231 203 9027
158 38 1688
4 157 7143
261 253 1859
250 184 1916
70 123 6253
216 135 6829
82 284 6962
258 249 3092
8 115 3172
132 27 7062
198 62 2639
177 226 2378
53 114 2179
267 154 8111
274 278 3439
74 134 3669
97 116 3056
80 141 8920
109 113 4582
148 231 9426
169 124 6303
43 212 2674
273 254 2511
237 125 7204
153 281 8930
280 19 3237
166 259 4096
10 155 6510
158 45 543
146 94 6992
182 277 884
233 271 6758
163 2 7359
202 250 7112
51 81 7296
108 71 9610
5 50 4322
297 152 9792
160 191 4200
235 161 1485
300 126 7970
171 157 4481
188 273 1739
48 271 4514
135 55 5209
35 282 2628
208 47 7836
18 119 6724
31 28 5655
195 48 1998
228 154 1287
26 115 4730
201 256 7690
27 210 6066
197 242 828
151 253 4723
30 252 905
14 272 534
174 293 4101
226 122 23
63 27 64
109 155 1501
145 184 2922
53 42 5990
276 222 8269
74 53 2309
248 61 3747
87 104 5571
261 292 9460
32 99 8604
125 273 4753
120 267 1260
54 23 2930
107 33 3645
109 291 3439
137 246 1756
186 61 4984
241 42 8382
133 1 1144
118 89 4099
141 249 5420
141 100 3345
105 264 3401
103 29 4569
237 42 8985
258 55 1872
186 267 7528
153 64 4121
288 218 4445
25 12 6698
75 113 1355
177 93 6647
181 115 6453
97 127 4457
73 22 9506
294 11 838
103 260 7845
172 114 5105
196 244 6134
62 150 8934
297 276 2539
189 105 5810
245 115 5516
84 114 8136
16 270 1678
221 51 1337
266 177 4421
284 138 2967
223 252 8194
127 25 5456
249 277 2640
5 178 9365
248 232 7423
117 274 409
143 103 612
69 115 3780
292 186 3947
139 241 3965
108 10 5523
115 18 3068
164 10 7314
14 37 6090
111 64 9804
191 104 3449
260 282 1791
162 145 9772
143 98 8429
63 100 9328
133 211 7799
190 289 3025
10 50 3911
290 176 5243
231 34 5208
151 283 1611
139 242 416
156 23 6737
167 212 1118
86 64 4496
89 112 895
258 180 8416
175 7 7312
102 62 6590
255 7 3634
211 243 9998
162 259 5013
63 159 5794
21 200 7139
295 13 3612
141 197 7119
88 51 3876
80 91 4755
68 145 8144
234 135 560
248 11 2928
227 138 8902
260 60 3940
19 182 4013
26 15 9518
270 252 3388
245 95 8122
163 48 8752
280 65 1064
205 246 6448
243 205 9902
23 133 3865
272 22 411
214 186 596
23 171 1438
68 287 218
228 93 8607
58 255 9781
180 57 591
241 117 7182
249 12 7469
76 165 7382
278 242 9824
262 152 7259
190 149 1735
31 60 1716
218 190 3825
41 253 790
168 277 2198
195 51 4833
7 282 8508
296 242 2786
174 233 3734
176 127 2886
48 32 6544
253 46 6406
93 165 4629
32 136 8855
1 166 7086
171 270 122
270 242 6110
275 229 9834
24 41 8087
158 67 3491
297 71 2150
139 251 6105
125 96 5757
159 234 2830
213 193 142
288 89 2065
286 290 5285
124 108 9515
144 149 6806
76 24 1768
137 265 7721
107 95 2151
120 285 169
51 100 1548
85 72 1857
234 116 7525
29 220 8768
55 225 9594
201 228 4763
155 251 6685
6 38 9029
215 279 8833
216 236 7649
269 41 5472
150 6 1246
34 245 131
16 203 2098
237 65 3372
28 154 8999
189 77 7445
162 128 4677
293 219 2743
4 36 1868
107 128 8519
282 166 8370
281 75 3990
160 244 1550
248 219 1607
176 1 7178
61 121 7465
225 276 9040
57 119 5252
175 220 2792
233 52 5382
105 5 3038
289 31 650
94 226 4769
78 291 9519
82 95 2230
222 97 8639
65 212 8086
212 38 2992
125 71 6601
123 63 5830
61 105 4499
108 283 6887
227 24 5436
215 75 6929
29 135 6605
224 135 5022
164 30 2175
75 300 2767
294 1 6020
249 143 2626
141 87 8759
55 181 6070
117 238 9565
50 228 7218
267 219 4642
103 277 9514
196 191 9890
81 33 2462
176 100 8115
128 144 3081
262 269 9412
197 265 8281
190 79 98
142 172 250
105 30 9002
74 102 3017
85 137 3065
262 61 5063
124 217 5307
25 167 5904
7 279 246
164 212 4590
295 141 3128
177 299 655
52 264 2774
18 72 3823
91 193 1744
237 289 3427
208 213 4919
250 153 2534
215 123 6603
65 131 954
13 148 89
204 114 6130
112 16 283
138 29 7127
92 165 2721
95 71 5029
75 168 9119
161 159 8804
268 27 3751
204 84 9593
280 21 4417
169 266 4126
154 40 9798
16 35 158
277 17 9653
126 148 9129
91 51 8725
130 83 4167
162 91 7559
103 61 925
65 66 6735
189 178 4965
183 9 3519
212 151 8237
33 95 4656
292 159 9277
160 201 4156
109 185 2569
44 164 3570
205 265 2888
132 72 2542
95 44 5791
117 40 2450
80 146 6578
192 1 2425
229 86 2945
137 247 6828
103 217 8362
264 198 7405
226 216 8987
176 193 8330
49 109 9216
98 286 2599
138 25 1368
131 16 7842
119 162 8854
289 2 7871
290 224 9944
273 187 1404
282 102 5508
282 296 4966
23 190 8617
20 149 9460
288 161 7683
261 19 762
125 171 6909
67 247 5013
54 177 2834
217 248 5249
202 70 6982
248 216 4106
184 265 5718
2 259 5446
76 236 3417
90 20 3226
283 143 8255
106 85 6246
68 213 3147
55 171 3087
60 160 5141
280 36 7989
160 231 9746
11 54 9792
43 178 4819
228 198 8425
285 182 5765
176 10 8165
109 224 737
131 159 2387
16 33 9350
29 193 6344
116 62 4223
42 148 3237
73 45 9666
216 165 9052
148 153 5495
114 88 21
65 118 1016
134 234 7858
91 113 8186
231 80 100
288 255 1773
84 205 3047
182 193 924
155 97 1227
239 205 1049
68 51 7372
149 201 7274
154 224 1034
107 123 4576
67 177 1814
194 287 2423
179 51 6478
17 297 8200
131 45 943
163 52 4687
181 138 6579
153 91 7839
8 297 8400
235 147 2884
115 84 8813
241 224 4781
190 151 7666
12 35 4115
298 200 5543
228 284 7075
262 294 5767
136 61 8967
180 48 9415
216 260 314
163 198 78
185 138 3690
273 110 9105
135 242 3575
122 220 875
121 52 1357
10 297 9345
74 27 8819
211 279 4801
78 148 6558
47 209 1615
96 121 4506
230 218 6890
238 34 643
145 102 4412
3 41 6726
124 79 1313
208 232 7063
59 130 4521
141 39 3628
285 168 3510
111 58 8818
157 275 3156
244 208 1406
2 178 8839
249 105 2568
20 157 3420
267 260 2651
149 95 5430
204 62 6414
15 118 7961
58 53 333
132 219 1374
83 99 898
29 205 8235
162 132 3200
139 151 8920
115 299 5250
203 90 9298
162 104 871
50 252 826
274 214 3401
130 21 6511
216 162 6530
173 74 6815
270 284 3083
237 211 680
106 136 8285
155 179 3645
121 4 9845
216 119 1173
175 243 9926
73 162 6270
39 139 1169
194 212 8755
120 19 3419
143 189 1729
199 239 3436
215 129 7941
214 87 846
211 234 2079
143 257 4958
123 246 7086
230 81 1992
160 254 4229
49 157 8762
296 53 3240
110 220 180
51 258 1258
121 43 2139
100 104 2941
32 148 1512
183 224 9763
283 5 9376
112 51 9748
281 118 5179
105 215 261
41 164 6552
166 29 1775
222 78 4993
212 219 181
216 245 9837
9 171 5021
247 108 4788
31 189 1477
285 231 1174
178 253 770
123 6 2860
250 255 7383
88 62 7759
136 93 7844
179 120 3099
57 265 5363
62 90 4236
125 185 2992
107 172 2959
6 249 5760
234 98 8987
21 6 5196
148 125 936
10 215 8198
73 242 8458
11 242 2175
217 1 8706
121 137 259
188 97 5895
115 235 9858
64 125 5564
178 177 5460
17 176 3415
216 17 8134
78 70 5357
104 68 77
143 182 8816
204 209 8626
5 27 8517
243 18 1023
210 294 2798
99 25 4401
193 105 7976
243 34 591
98 78 1164
52 272 1555
284 56 824
43 109 4154
153 217 6873
74 285 6081
232 15 5223
130 202 4244
175 166 9476
203 247 751
262 217 5041
93 292 8372
253 82 7123
276 299 36
70 50 2161
222 126 3784
6 73 8003
91 152 8692
283 190 2048
30 121 6799
294 193 4283
241 283 4073
273 21 4393
247 86 8130
142 119 4346
292 45 4815
230 134 881
180 288 8101
235 251 1594
51 117 1060
162 279 4606
116 154 8162
171 33 612
127 252 3863
276 18 8174
231 175 7604
80 184 3962
204 220 3948
62 69 8
133 85 6897
248 282 5391
58 146 2466
72 69 912
237 212 1530
209 36 7744
89 186 8912
277 194 5396
261 113 2790
84 52 6347
275 97 3850
49 96 4815
86 67 4360
86 78 1158
138 292 6622
79 66 1846
225 268 6159
216 262 3448
286 288 667
48 116 8333
92 146 9323
129 282 5318
188 176 1638
15 252 1030
157 14 8735
134 229 2807
85 297 5952
62 172 2282
42 114 2011
157 30 5895
30 78 9931
40 13 5160
287 8 6342
189 276 1161
233 61 2207
95 241 5097
286 140 7114
95 164 5400
48 158 4524
60 38 2549
282 271 4692
55 80 961
214 88 8609
49 247 3709
66 51 8288
258 186 6097
157 278 9264
197 172 8809
20 184 8314
76 270 6104
198 58 6336
218 151 48
296 200 3536
35 252 716
176 235 3660
16 299 2606
68 62 8272
192 276 2031
9 150 3175
269 21 9327
114 95 715
46 266 8181
226 36 3379
285 271 9007
98 242 3910
186 10 9379
281 62 7035
42 31 3837
55 176 2861
156 269 1845
201 87 8861
57 106 3300
227 89 1822
92 182 8818
299 5 3833
22 75 5302
55 233 2848
223 297 9312
123 232 7039
79 239 5369
108 271 3044
227 123 9516
170 61 7222
224 251 8655
138 274 1565
40 85 2099
60 152 1437
99 286 4592
229 97 6034
77 258 6040
61 218 2871
206 298 3631
197 13 5025
69 16 8348
232 149 9671
107 93 6668
170 122 6320
233 257 9940
162 29 4304
27 124 1627
251 78 2228
58 214 4455
14 36 2812
79 67 8611
256 145 5449
181 108 6654
3 32 1562
21 24 3780
166 82 5040
75 250 1808
26 186 7298
114 296 4594
182 273 4495
254 238 9973
15 173 8755
99 232 1601
259 253 6470
77 141 1571
199 241 637
45 54 4407
276 67 1197
3 251 3164
189 37 3221
226 290 1995
248 104 8109
128 231 4857
102 140 3381
26 187 43
94 171 2707
109 106 3200
121 229 5310
28 189 3203
257 186 6028
33 199 1721
30 260 401
20 151 3971
43 89 8126
49 168 2082
156 56 5336
265 120 9124
186 228 711
24 70 4119
191 14 1732
163 227 7549
24 191 1920
117 109 1478
266 190 2755
70 228 7410
283 94 8116
253 136 532
45 25 4159
159 299 6250
167 188 9024
184 63 9769
191 156 8304
299 141 6053
274 230 8884
107 251 8753
279 22 6103
144 185 921
164 31 2869
70 72 495
216 132 4995
121 104 7924
9 281 244
88 7 4882
31 21 9973
181 222 31
150 133 7524
262 155 3334
138 134 7198
130 67 2525
277 104 7429
266 86 7334
83 10 2240
63 80 6813
20 18 1908
43 250 5992
152 240 7458
111 102 21
33 120 300
73 148 5570
231 63 5375
45 205 3951
216 43 4228
255 1 8935
70 218 6488
267 8 8930
49 22 5329
240 148 6573
234 18 9941
155 137 5374
223 153 9993
268 53 3470
119 241 2078
269 8 3983
80 285 1030
175 260 9183
142 78 7216
298 254 7108
154 189 7703
173 216 5281
256 55 2578
120 15 2155
232 45 910
295 239 3664
90 206 1869
58 107 5318
154 278 8632
89 77 6409
181 121 9329
41 223 1238
76 73 5150
252 22 8074
222 61 3432
186 58 984
74 72 7747
57 136 5176
289 182 4337
1 146 6629
187 300 2628
105 253 2778
202 236 7150
215 165 2455
245 30 2447
120 199 6101
76 86 2486
246 96 9056
193 65 3328
180 178 6138
276 92 6883
293 35 8499
53 30 4800
258 143 3801
99 228 6351
118 259 154
39 273 8665
270 177 3550
113 263 7476
25 155 1240
279 186 1516
272 248 2125
28 228 4718
96 270 7875
162 253 6219
147 130 3092
297 259 8442
74 251 8185
197 136 8604
25 120 9774
289 25 6884
282 218 5836
83 154 8510
6 202 7212
175 233 5053
274 120 9050
7 286 5636
4 128 5924
87 81 9458
161 172 8369
254 36 369
44 225 7007
74 230 69
27 113 8977
292 202 2236
194 119 608
272 187 3424
114 221 5826
96 167 1142
26 154 2294
148 124 3287
36 196 2382
193 290 9040
228 133 4350
290 91 7752
166 178 6241
55 160 2209
119 9 1552
69 174 4221
1 162 7425
183 52 6771
143 17 3416
165 132 6137
93 139 7614
138 90 2628
232 205 7491
160 96 7901
98 74 1111
128 111 3452
269 27 694
31 108 6861
4 79 821
52 280 2906
81 260 3797
210 68 5011
151 204 9735
219 30 2196
214 243 5785
187 292 3151
36 47 6894
206 122 4168
140 203 7873
239 84 1607
79 38 2361
17 298 9190
43 94 2455
230 275 2465
283 225 1804
199 71 317
170 156 7760
279 151 1272
29 289 5954
220 159 9350
100 262 1979
159 152 6354
202 38 4477
133 197 1057
64 12 9859
254 69 1651
22 231 3149
21 216 4236
204 289 5679
212 232 7042
211 204 876
75 18 6761
83 195 6929
167 56 7092
39 98 6832
152 71 5661
110 117 4352
80 156 2534
41 16 9490
23 214 9810
158 24 4597
75 165 221
87 174 3077
138 37 1564
136 288 2246
89 298 6186
3 77 993
129 286 8767
299 74 7007
297 184 4442
161 214 8232
168 215 1017
116 129 4360
248 285 6693
104 226 7317
151 271 6614
223 78 425
142 185 615
261 204 4801
169 112 9083
126 202 4347
230 119 6850
159 122 7848
84 280 4683
242 63 3966
111 160 7385
152 6 2941
36 65 4812
182 191 3057
59 289 455
226 206 1236
132 62 9705
223 247 938
6 136 9642
30 2 7597
102 284 2345
111 41 7691
